0.000000 0.365296 0.380296 0.390582
1.000000 0.198936 0.228737 0.252082
2.000000 0.105376 0.143437 0.146698
3.000000 0.076694 0.076215 0.145649
4.000000 0.001840 0.008888 0.066505
5.000000 0.017939 -0.021955 0.091051
6.000000 0.016222 -0.005772 0.022767
7.000000 -0.013990 -0.050795 -0.006225
8.000000 -0.024459 -0.049065 -0.021377
9.000000 -0.017725 -0.028135 -0.000341
10.000000 -0.023348 0.039921 0.009515
11.000000 -0.013574 -0.024684 -0.034295
12.000000 -0.009635 -0.025385 -0.005147
13.000000 0.005634 0.002314 -0.009952
14.000000 -0.003196 -0.000328 0.011818
15.000000 0.006097 0.017874 0.021815
16.000000 0.012223 0.007837 -0.009509
17.000000 0.004701 -0.004679 0.002727
18.000000 -0.009603 -0.007373 -0.008513
19.000000 0.015446 -0.002167 -0.006684
20.000000 0.016886 -0.008423 -0.001243
21.000000 0.043554 -0.005136 -0.001028
22.000000 0.000000 0.000000 0.000000
23.000000 0.000382 0.019439 0.045464
24.000000 0.028105 -0.020363 -0.018048
25.000000 -0.034302 0.001413 -0.027800
26.000000 0.032200 0.021329 0.030163
27.000000 -0.004760 -0.006621 -0.012170
28.000000 0.009181 0.030199 -0.027507
29.000000 0.003357 0.064429 0.075467
30.000000 0.040414 0.013999 0.042170
31.000000 0.004509 0.069219 0.060867
32.000000 -0.012554 -0.057049 0.034045
33.000000 0.084784 0.125812 0.125122
34.000000 -0.054184 -0.056458 -0.022866
35.000000 -0.047706 0.018915 0.125645
36.000000 -0.077377 -0.028010 0.064894
37.000000 0.041362 -0.052525 0.158093
38.000000 0.033625 0.003265 0.127426
39.000000 -0.024716 -0.027109 -0.006225
40.000000 -0.020922 0.073588 0.063779
41.000000 -0.068101 -0.010196 0.068552
42.000000 -0.031113 0.045374 -0.024859
43.000000 0.015539 -0.024788 0.019439
44.000000 0.029841 0.079112 -0.002182
45.000000 0.076063 0.031082 0.057252
46.000000 0.051367 0.004999 -0.021255
47.000000 0.002867 -0.000972 0.002390
48.000000 0.019391 0.033450 -0.022291
49.000000 0.025705 -0.061583 0.048110
