0.000000 0.321106 0.309066 0.426906
1.000000 0.161656 0.183815 0.305390
2.000000 0.105133 0.107856 0.248760
3.000000 0.061609 0.074373 0.228419
4.000000 0.018927 0.053058 0.157245
5.000000 0.016443 0.034159 0.171033
6.000000 -0.032142 0.002245 0.098920
7.000000 -0.009154 0.055018 0.123356
8.000000 -0.003259 0.030266 0.122628
9.000000 0.010201 0.004901 0.054641
10.000000 -0.033026 -0.026843 0.024170
11.000000 -0.009490 0.015877 0.028542
12.000000 -0.019720 0.013516 0.050929
13.000000 -0.016378 -0.021667 0.012292
14.000000 -0.019583 -0.016752 0.014765
15.000000 0.015956 0.003294 0.025750
16.000000 -0.004440 -0.008244 -0.004256
17.000000 -0.006330 0.004038 -0.001348
18.000000 0.003798 0.008153 0.030047
19.000000 0.019151 0.021784 0.011023
20.000000 0.012665 0.023832 -0.003391
21.000000 0.014657 0.018498 -0.014853
22.000000 -0.020257 -0.016331 0.004240
23.000000 0.017246 -0.024900 0.004378
24.000000 -0.005233 -0.029471 0.027653
25.000000 -0.019676 0.022157 0.029654
26.000000 0.039485 -0.021480 0.010780
27.000000 0.018354 0.049349 0.012344
28.000000 -0.010241 0.039490 0.012758
29.000000 0.028525 -0.039197 0.007711
30.000000 -0.007395 -0.018920 0.093991
31.000000 0.031351 0.098915 0.062530
32.000000 -0.035684 -0.017139 0.155626
33.000000 -0.116564 0.029341 0.104607
34.000000 -0.062523 -0.061253 0.094562
35.000000 -0.053517 0.001052 0.096726
36.000000 0.031521 0.048758 0.109193
37.000000 -0.014566 0.069161 0.160599
38.000000 0.054051 0.028940 0.104957
39.000000 -0.023562 0.010711 0.034267
40.000000 -0.103159 0.042167 0.251225
41.000000 -0.075171 0.027030 0.120509
42.000000 0.053303 -0.027726 0.048042
43.000000 -0.010359 -0.026049 0.093502
44.000000 -0.015293 -0.012929 0.004526
45.000000 -0.007158 0.016074 -0.022272
46.000000 0.059064 0.065682 0.046385
47.000000 -0.064629 0.026389 0.021136
48.000000 -0.001536 -0.013930 -0.001835
49.000000 0.105279 -0.077007 -0.068467
