0.000000 0.259463 0.248530 0.365137
1.000000 0.121545 0.117067 0.255631
2.000000 0.064431 0.086429 0.225363
3.000000 0.029998 0.056797 0.146683
4.000000 -0.059724 0.015226 0.106259
5.000000 -0.009311 0.007945 0.151538
6.000000 0.003003 0.061088 0.166953
7.000000 -0.002849 0.020881 0.076082
8.000000 -0.015617 0.011277 0.085760
9.000000 0.039702 0.015925 0.114037
10.000000 0.025911 0.043041 0.125806
11.000000 0.018611 0.116368 0.101228
12.000000 -0.053441 0.000319 0.078352
13.000000 0.041225 -0.015533 0.074559
14.000000 -0.005235 -0.006485 0.022978
15.000000 0.024608 0.050381 0.108365
16.000000 -0.066107 0.036475 0.062911
17.000000 0.073457 0.072709 0.029510
18.000000 -0.013216 0.037055 0.098038
19.000000 0.047650 0.047716 -0.011135
20.000000 0.016569 0.023759 0.042076
21.000000 0.008094 -0.022474 -0.001390
22.000000 0.008465 0.002073 -0.038600
23.000000 0.024217 -0.051496 0.030256
24.000000 -0.002474 0.002178 0.000475
25.000000 0.022897 0.022142 0.049176
26.000000 0.007446 0.028922 -0.013244
27.000000 0.028427 0.021207 0.001873
28.000000 -0.026914 -0.006694 -0.042786
29.000000 -0.001134 0.025423 0.008167
30.000000 0.032564 0.010165 -0.042712
31.000000 0.029683 -0.016708 0.020195
32.000000 0.001144 0.026420 0.063455
33.000000 -0.012626 0.023657 -0.028730
34.000000 -0.036217 -0.036612 -0.061682
35.000000 -0.013528 0.108652 0.010684
36.000000 -0.004286 0.040722 0.007462
37.000000 -0.071176 0.018776 -0.014185
38.000000 -0.010974 0.089839 -0.008772
39.000000 -0.086541 -0.056515 0.045377
40.000000 0.015896 0.014786 -0.003822
41.000000 -0.015153 -0.079175 -0.007457
42.000000 0.024014 -0.055030 0.016035
43.000000 0.010588 -0.035566 -0.036018
44.000000 0.037872 0.000798 -0.001219
45.000000 0.032104 0.005025 0.001098
46.000000 -0.032867 -0.028879 0.059178
47.000000 0.008446 0.086047 0.140950
48.000000 0.030251 0.041910 0.112351
49.000000 -0.076004 0.018399 -0.032259
