0.000000 0.256020 0.250211 0.373961
1.000000 0.123763 0.142382 0.264353
2.000000 0.056207 0.098341 0.171618
3.000000 0.037682 0.077814 0.163730
4.000000 0.018525 0.048589 0.121104
5.000000 0.008048 0.030653 0.141283
6.000000 0.026667 0.051022 0.102945
7.000000 -0.004022 0.033808 0.111220
8.000000 -0.027185 0.026784 0.044357
9.000000 0.036862 -0.017555 0.025980
10.000000 -0.022564 0.014280 0.072463
11.000000 0.052465 0.053817 0.017784
12.000000 -0.038069 0.050995 0.058310
13.000000 -0.037990 -0.049990 -0.042510
14.000000 0.030836 -0.015430 0.006110
15.000000 -0.011954 -0.024581 0.077250
16.000000 -0.082691 -0.045040 0.005459
17.000000 -0.030629 -0.018281 0.049833
18.000000 -0.008196 0.016040 0.001869
19.000000 -0.020439 0.001822 -0.055537
20.000000 -0.015668 0.003712 -0.023923
21.000000 -0.003786 0.090510 0.085416
22.000000 0.014862 0.023050 0.088841
23.000000 -0.031791 0.003423 0.061937
24.000000 0.042261 0.017120 0.051775
25.000000 -0.028061 -0.046288 -0.016492
26.000000 -0.038371 0.041196 -0.068445
27.000000 0.040844 -0.016312 -0.018120
28.000000 -0.006690 -0.024645 0.014650
29.000000 -0.025242 0.019598 -0.008556
30.000000 0.037259 -0.015788 0.047655
31.000000 0.003015 -0.014009 -0.010954
32.000000 -0.036252 -0.042064 0.055795
33.000000 -0.006818 -0.034921 0.043119
34.000000 -0.023381 -0.018016 -0.029168
35.000000 0.018699 0.009058 -0.002164
36.000000 0.000000 0.000000 0.000000
37.000000 -0.056609 -0.005736 0.039330
38.000000 0.026123 0.014658 -0.000654
39.000000 -0.055146 -0.029056 0.003917
40.000000 0.013300 0.002489 -0.043076
41.000000 -0.066224 -0.009643 -0.030118
42.000000 0.025019 0.023940 -0.022359
43.000000 -0.017791 -0.003472 -0.023115
44.000000 -0.019074 0.046724 0.047314
45.000000 0.005867 -0.004419 0.037991
46.000000 0.004172 0.037431 -0.024996
47.000000 0.016862 0.005459 0.021259
48.000000 0.015355 -0.004426 -0.019075
49.000000 -0.035973 0.051440 0.045560
