         0         12
         1          8
         2          8
         3         14
         4          6
         5          6
         6          7
         7          5
         8          4
         9          3
        10          8
        11          8
        12          8
        13          7
        14          5
        15          2
        16          4
        17         11
        18          9
        19          4
        20          5
        21          6
        22          3
        23          3
        24          5
        25          2
        26          5
        27          7
        28          7
        29          2
        30          2
        31          5
        32          3
        33          4
        34          1
        35          4
        36          8
        37          8
        38          9
        39          8
        40          5
        41          5
        42          6
        43          2
        44          4
        45          8
        46          2
        47          5
        48         11
        49          7
        50         12
        51          1
        52          9
        53          3
        54          8
        55          6
        56          4
        57          2
        58          9
        59          8
        60         12
        61          8
        62          2
        63          6
        64         11
        65         11
        66          9
        67          9
        68          8
        69          7
        70          7
        71          8
        72         10
        73          9
        74          7
        75          3
        76          8
        77         16
        78          9
        79         11
        80          9
        81         11
        82          5
        83          3
        84          4
        85          9
        86         10
        87          9
        88          7
        89          8
        90          3
        91          5
        92          7
        93          6
        94          6
        95          8
        96          6
        97          3
        98         10
        99          8
       100          5
       101         10
       102         14
       103          9
       104          8
       105          5
       106          2
       107          8
       108          9
       109          5
       110          4
       111         11
       112          6
       113          6
       114          5
       115          4
       116         15
       117          6
       118         13
       119         13
       120          6
       121          5
       122          1
       123          2
       124          4
       125          4
       126          7
       127          6
       128          5
       129          7
       130         12
       131          9
       132          3
       133          4
       134          5
       135          8
       136          4
       137         11
       138          0
       139          2
       140          5
       141          6
       142          2
       143          1
       144          7
       145          7
       146          6
       147          6
       148          4
       149          3
       150          8
       151          4
       152          5
       153          6
       154          4
       155          5
       156          5
       157          9
       158          6
       159          8
       160          4
       161          5
       162         12
       163          2
       164          5
       165          4
       166          9
       167          8
       168          6
       169          8
       170          4
       171          2
       172          4
       173          6
       174          8
       175         11
       176          7
       177          6
       178          6
       179          5
       180          8
       181          8
       182          3
       183          7
       184          5
       185          7
       186          6
       187          5
       188          4
       189          8
       190          4
       191          4
       192          4
       193          7
       194         10
       195          1
       196          7
       197          9
       198         10
       199          5
       200          6
       201          5
       202          7
       203          9
       204          3
       205          3
       206          0
       207          5
       208          5
       209          7
       210          1
       211          3
       212          3
       213          4
       214          6
       215          9
       216          4
       217          3
       218          6
       219          3
       220          6
       221         10
       222          7
       223          8
       224          7
       225         11
       226          7
       227          7
       228          2
       229          7
       230         12
       231          5
       232         11
       233          6
       234          4
       235          7
       236          7
       237          6
       238         10
       239          6
       240          7
       241          6
       242          6
       243          4
       244          5
       245          8
       246          8
       247          4
       248          4
       249          2
       250         10
       251          6
       252         12
       253          6
       254          6
       255          5
       256          9
       257          4
       258          7
       259          6
       260          7
       261          7
       262          7
       263          4
       264          9
       265          8
       266          9
       267         12
       268          8
       269          7
       270          3
       271          6
       272          4
       273          4
       274         11
       275          4
       276          8
       277          5
       278          4
       279          2
       280         19
       281          4
       282         10
       283          7
       284          8
       285          7
       286          7
       287          6
       288          8
       289          7
       290          8
       291         14
       292          6
       293         11
       294         11
       295          8
       296          8
       297          9
       298         10
       299         12
       300          6
       301         10
       302          9
       303          8
       304          2
       305          8
       306          2
       307          8
       308          6
       309          4
       310          9
       311          8
       312          7
       313          9
       314          8
       315          6
       316          5
       317          7
       318          8
       319          6
       320          6
       321          7
       322          5
       323         12
       324          4
       325          5
       326          8
       327         11
       328         11
       329          7
       330          4
       331          5
       332          6
       333          9
       334          5
       335          6
       336          7
       337         12
       338          5
       339          6
       340          7
       341          8
       342          8
       343         12
       344         16
       345         11
       346          6
       347         15
       348          8
       349          8
       350          4
       351          2
       352          5
       353          4
       354          9
       355          8
       356          8
       357         10
       358          9
       359         13
       360          5
       361          5
       362          9
       363          9
       364         13
       365         12
       366          5
       367          1
       368          6
       369          1
       370          3
       371          6
       372          7
       373         12
       374          8
       375          4
       376         11
       377         10
       378          8
       379         14
       380         10
       381          5
       382          6
       383          5
       384          8
       385          6
       386         11
       387          9
       388         13
       389          7
       390         11
       391         10
       392         11
       393         13
       394          4
       395          5
       396          8
       397          6
       398          6
       399          6
       400         14
       401          7
       402          7
       403         12
       404          6
       405          8
       406         13
       407         14
       408          4
       409         10
       410          8
       411          8
       412          8
       413          4
       414          0
       415         12
       416          6
       417          9
       418          5
       419          6
       420          6
       421          7
       422         11
       423          6
       424         11
       425          7
       426          8
       427         15
       428         14
       429          3
       430          9
       431          7
       432          9
       433          9
       434          5
       435          6
       436         11
       437          6
       438          7
       439          7
       440          5
       441          8
       442          9
       443          9
       444          8
       445          0
       446         10
       447          8
       448         14
       449          7
       450          9
       451         10
       452         13
       453          6
       454          6
       455         15
       456          4
       457          9
       458          3
       459          3
       460         10
       461          7
       462         10
       463          3
       464          9
       465         10
       466          6
       467          6
       468         12
       469          5
       470         10
       471          6
       472          8
       473          9
       474          9
       475         12
       476          6
       477         11
       478          8
       479         10
       480          6
       481          3
       482          3
       483          8
       484          3
       485          9
       486          8
       487         10
       488          6
       489          8
       490          5
       491          7
       492          4
       493          9
       494          3
       495          6
       496         10
       497          7
       498         12
       499         10
       500         16
       501         10
       502          9
       503          6
       504          8
       505          6
       506          5
       507          6
       508          9
       509         13
       510         11
       511         13
       512          6
       513          6
       514          5
       515         12
       516          9
       517          8
       518          7
       519          4
       520          9
       521         10
       522          6
       523          7
       524          3
       525          7
       526          9
       527         10
       528         13
       529          9
       530          4
       531          9
       532         10
       533         14
       534         12
       535          8
       536          5
       537         10
       538          6
       539         12
       540          8
       541          9
       542          7
       543         12
       544          7
       545          9
       546          6
       547          9
       548          3
       549          6
       550          3
       551          2
       552          4
       553          5
       554          8
       555          8
       556          6
       557          8
       558          6
       559          3
       560          4
       561         11
       562          7
       563         10
       564          8
       565          3
       566          8
       567          7
       568         15
       569          9
       570          9
       571          6
       572          5
       573          9
       574          4
       575          4
       576          8
       577          6
       578         11
       579          4
       580          8
       581          5
       582          5
       583          8
       584          5
       585          7
       586          6
       587          3
       588          7
       589          9
       590          5
       591          3
       592         11
       593         11
       594          7
       595          6
       596         10
       597          4
       598          7
       599         12
       600          8
       601         10
       602          8
       603         14
       604          7
       605          6
       606          7
       607          4
       608         12
       609          7
       610          6
       611          9
       612          4
       613          5
       614         10
       615          0
       616          8
       617          8
       618          7
       619         10
       620          2
       621          7
       622          2
       623          6
       624          2
       625          6
       626          5
       627          2
       628          5
       629          8
       630          3
       631          1
       632          3
       633          5
       634         11
       635          7
       636          7
       637          2
       638          9
       639         10
       640          6
       641          6
       642          5
       643          4
       644          5
       645          7
       646          9
       647          4
       648         11
       649          4
       650         10
       651          2
       652          5
       653          3
       654          6
       655          8
       656          9
       657          5
       658         12
       659         18
       660          7
       661          6
       662          6
       663          5
       664          4
       665         11
       666          7
       667          4
       668          0
       669          4
       670          2
       671          3
       672          4
       673          6
       674          6
       675          5
       676         10
       677          7
       678         13
       679          8
       680          5
       681          9
       682          5
       683          1
       684          5
       685          2
       686          3
       687          9
       688         13
       689          2
       690          6
       691          4
       692         12
       693          6
       694          5
       695          6
       696          3
       697          9
       698          4
       699          5
       700          4
       701          3
       702          8
       703          1
       704          5
       705          6
       706          7
       707          4
       708          8
       709          2
       710          7
       711          3
       712          5
       713         11
       714          8
       715         12
       716          4
       717          7
       718         11
       719          5
       720         10
       721          9
       722          9
       723          3
       724          9
       725          2
       726          4
       727          7
       728          8
       729          7
       730          3
       731         10
       732          4
       733          4
       734          6
       735          5
       736          4
       737          8
       738          9
       739          7
       740          8
       741         10
       742          4
       743          8
       744          5
       745          8
       746          7
       747          7
       748          7
       749          5
       750          7
       751          8
       752          4
       753          5
       754          7
       755          2
       756          9
       757          5
       758          5
       759          7
       760          6
       761          9
       762          4
       763         13
       764          6
       765          5
       766          4
       767          6
       768          1
       769          3
       770          6
       771          6
       772          6
       773         12
       774          9
       775          8
       776          6
       777          7
       778         11
       779          9
       780         14
       781          8
       782         16
       783          2
       784          9
       785          4
       786          6
       787          3
       788          5
       789          5
       790          7
       791         11
       792          4
       793         11
       794          5
       795          5
       796          9
       797         10
       798          5
       799          6
       800         11
       801          6
       802          9
       803          3
       804          9
       805          8
       806         17
       807          3
       808         11
       809          4
       810          8
       811          6
       812          8
       813         10
       814          4
       815         12
       816          3
       817          4
       818         11
       819         10
       820          8
       821         10
       822          4
       823          2
       824          9
       825          9
       826          5
       827         12
       828          3
       829          8
       830          3
       831          8
       832         10
       833          6
       834          6
       835          7
       836          9
       837         12
       838          5
       839          6
       840          9
       841          7
       842         11
       843         16
       844          9
       845          4
       846          9
       847          4
       848          6
       849          8
       850          6
       851         10
       852          5
       853          3
       854         10
       855          5
       856          9
       857          6
       858          9
       859          2
       860          5
       861         12
       862         12
       863          4
       864          8
       865          4
       866          8
       867          2
       868         11
       869          6
       870          3
       871          8
       872          9
       873          7
       874          3
       875          6
       876          8
       877          4
       878          2
       879          6
       880         12
       881          5
       882          3
       883          7
       884          3
       885          3
       886          5
       887          5
       888          5
       889          8
       890          7
       891          9
       892          3
       893          5
       894          5
       895          7
       896         13
       897          6
       898          2
       899         11
       900          1
       901          1
       902          7
       903          3
       904          5
       905          4
       906          8
       907          9
       908          1
       909          5
       910          4
       911          2
       912          3
       913          2
       914         18
       915          5
       916          2
       917          2
       918          3
       919          4
       920          4
       921          2
       922          7
       923          8
       924          7
       925          8
       926          9
       927          8
       928          4
       929          4
       930          6
       931         11
       932         11
       933          8
       934          5
       935         12
       936          2
       937          7
       938          2
       939          1
       940          2
       941          3
       942          1
       943          6
       944          3
       945          6
       946          1
       947          3
       948          5
       949          5
       950          8
       951         13
       952          2
       953          4
       954          8
       955          6
       956          5
       957         13
       958          5
       959          6
       960          4
       961          8
       962          6
       963         11
       964          2
       965         10
       966          4
       967         11
       968          1
       969          9
       970          5
       971          5
       972          6
       973          7
       974          0
       975          7
       976          7
       977          4
       978          8
       979         10
       980          3
       981          8
       982          7
       983          6
       984          7
       985          9
       986         15
       987         11
       988         11
       989          5
       990         10
       991         11
       992          9
       993          7
       994          7
       995          7
       996          8
       997          7
       998          5
       999         10
      1000          8
