         0          1
         1          0
         2          0
         3          2
         4          0
         5          3
         6          0
         7          1
         8          0
         9          1
        10          3
        11          3
        12          1
        13          0
        14          1
        15          1
        16          4
        17          3
        18          1
        19          0
        20          1
        21          1
        22          2
        23          2
        24          0
        25          0
        26          2
        27          1
        28          1
        29          4
        30          2
        31          2
        32          1
        33          0
        34          1
        35          0
        36          0
        37          0
        38          2
        39          1
        40          4
        41          1
        42          5
        43          1
        44          0
        45          0
        46          0
        47          1
        48          1
        49          1
        50          1
        51          0
        52          0
        53          1
        54          2
        55          2
        56          3
        57          0
        58          3
        59          0
        60          1
        61          1
        62          3
        63          2
        64          0
        65          1
        66          0
        67          0
        68          0
        69          0
        70          0
        71          0
        72          0
        73          0
        74          0
        75          0
        76          1
        77          1
        78          1
        79          2
        80          1
        81          2
        82          1
        83          1
        84          1
        85          1
        86          3
        87          0
        88          3
        89          3
        90          1
        91          1
        92          0
        93          0
        94          0
        95          0
        96          0
        97          3
        98          2
        99          2
       100          4
       101          1
       102          0
       103          1
       104          0
       105          0
       106          0
       107          0
       108          2
       109          1
       110          0
       111          1
       112          4
       113          1
       114          1
       115          0
       116          2
       117          2
       118          0
       119          2
       120          1
       121          0
       122          1
       123          2
       124          0
       125          0
       126          1
       127          3
       128          3
       129          2
       130          3
       131          0
       132          1
       133          2
       134          0
       135          1
       136          3
       137          0
       138          0
       139          0
       140          0
       141          0
       142          0
       143          0
       144          3
       145          1
       146          1
       147          0
       148          1
       149          0
       150          0
       151          0
       152          0
       153          2
       154          1
       155          2
       156          0
       157          0
       158          0
       159          2
       160          2
       161          1
       162          2
       163          0
       164          0
       165          0
       166          1
       167          1
       168          0
       169          3
       170          0
       171          0
       172          1
       173          5
       174          3
       175          1
       176          0
       177          0
       178          0
       179          0
       180          1
       181          1
       182          3
       183          1
       184          2
       185          2
       186          1
       187          2
       188          0
       189          2
       190          0
       191          1
       192          1
       193          0
       194          0
       195          1
       196          1
       197          1
       198          2
       199          1
       200          1
       201          0
       202          0
       203          0
       204          0
       205          0
       206          1
       207          1
       208          2
       209          2
       210          0
       211          0
       212          0
       213          0
       214          0
       215          1
       216          0
       217          0
       218          1
       219          2
       220          6
       221          1
       222          1
       223          1
       224          0
       225          0
       226          3
       227          0
       228          0
       229          1
       230          1
       231          0
       232          5
       233          0
       234          0
       235          1
       236          0
       237          2
       238          0
       239          1
       240          0
       241          0
       242          0
       243          2
       244          0
       245          0
       246          0
       247          1
       248          2
       249          1
       250          2
       251          2
       252          2
       253          1
       254          0
       255          0
       256          0
       257          0
       258          0
       259          0
       260          1
       261          0
       262          1
       263          3
       264          4
       265          0
       266          0
       267          0
       268          3
       269          0
       270          0
       271          0
       272          2
       273          0
       274          0
       275          1
       276          0
       277          1
       278          2
       279          2
       280          0
       281          0
       282          0
       283          1
       284          0
       285          2
       286          0
       287          1
       288          0
       289          1
       290          0
       291          3
       292          1
       293          1
       294          0
       295          0
       296          0
       297          0
       298          2
       299          0
       300          2
       301          4
       302          0
       303          0
       304          1
       305          0
       306          2
       307          1
       308          1
       309          1
       310          2
       311          2
       312          0
       313          3
       314          1
       315          0
       316          1
       317          4
       318          3
       319          3
       320          4
       321          0
       322          2
       323          0
       324          0
       325          2
       326          3
       327          0
       328          1
       329          1
       330          0
       331          3
       332          3
       333          0
       334          1
       335          1
       336          2
       337          0
       338          0
       339          0
       340          2
       341          0
       342          0
       343          0
       344          1
       345          1
       346          1
       347          0
       348          1
       349          1
       350          4
       351          0
       352          2
       353          4
       354          5
       355          1
       356          2
       357          0
       358          0
       359          1
       360          2
       361          2
       362          1
       363          3
       364          0
       365          0
       366          0
       367          0
       368          3
       369          4
       370          0
       371          0
       372          0
       373          1
       374          2
       375          3
       376          1
       377          2
       378          1
       379          1
       380          0
       381          0
       382          0
       383          3
       384          2
       385          0
       386          3
       387          0
       388          1
       389          0
       390          0
       391          0
       392          4
       393          0
       394          0
       395          2
       396          0
       397          1
       398          2
       399          3
       400          0
       401          0
       402          0
       403          1
       404          0
       405          1
       406          1
       407          0
       408          0
       409          0
       410          1
       411          1
       412          0
       413          0
       414          0
       415          1
       416          0
       417          1
       418          0
       419          0
       420          1
       421          2
       422          1
       423          0
       424          0
       425          1
       426          1
       427          3
       428          1
       429          2
       430          1
       431          0
       432          2
       433          0
       434          0
       435          3
       436          2
       437          1
       438          1
       439          0
       440          1
       441          0
       442          0
       443          1
       444          1
       445          0
       446          3
       447          3
       448          0
       449          4
       450          3
       451          0
       452          0
       453          0
       454          3
       455          1
       456          0
       457          1
       458          1
       459          0
       460          0
       461          2
       462          0
       463          0
       464          1
       465          0
       466          2
       467          0
       468          0
       469          3
       470          0
       471          1
       472          0
       473          2
       474          2
       475          2
       476          0
       477          0
       478          1
       479          0
       480          1
       481          0
       482          1
       483          1
       484          0
       485          0
       486          0
       487          1
       488          2
       489          0
       490          1
       491          1
       492          0
       493          0
       494          0
       495          0
       496          0
       497          2
       498          0
       499          0
       500          2
       501          3
       502          2
       503          0
       504          3
       505          2
       506          0
       507          1
       508          3
       509          4
       510          3
       511          2
       512          0
       513          1
       514          1
       515          0
       516          0
       517          0
       518          2
       519          0
       520          1
       521          1
       522          1
       523          0
       524          2
       525          2
       526          0
       527          0
       528          1
       529          0
       530          1
       531          1
       532          1
       533          0
       534          0
       535          2
       536          0
       537          0
       538          0
       539          0
       540          1
       541          0
       542          0
       543          2
       544          1
       545          0
       546          2
       547          4
       548          1
       549          0
       550          1
       551          2
       552          1
       553          0
       554          2
       555          2
       556          1
       557          1
       558          0
       559          1
       560          1
       561          0
       562          0
       563          0
       564          2
       565          1
       566          2
       567          3
       568          1
       569          0
       570          0
       571          1
       572          1
       573          1
       574          1
       575          0
       576          2
       577          2
       578          0
       579          0
       580          1
       581          0
       582          0
       583          3
       584          2
       585          2
       586          1
       587          2
       588          2
       589          2
       590          1
       591          1
       592          1
       593          3
       594          0
       595          0
       596          0
       597          1
       598          2
       599          2
       600          1
       601          1
       602          3
       603          1
       604          0
       605          0
       606          3
       607          3
       608          2
       609          0
       610          0
       611          2
       612          0
       613          1
       614          1
       615          0
       616          0
       617          3
       618          0
       619          0
       620          3
       621          1
       622          0
       623          1
       624          1
       625          0
       626          0
       627          0
       628          0
       629          1
       630          0
       631          2
       632          1
       633          1
       634          1
       635          0
       636          1
       637          0
       638          2
       639          1
       640          3
       641          2
       642          1
       643          0
       644          0
       645          0
       646          1
       647          1
       648          3
       649          0
       650          3
       651          3
       652          2
       653          0
       654          0
       655          1
       656          1
       657          1
       658          1
       659          0
       660          0
       661          1
       662          0
       663          0
       664          3
       665          1
       666          1
       667          1
       668          2
       669          1
       670          4
       671          0
       672          1
       673          1
       674          3
       675          1
       676          0
       677          1
       678          1
       679          2
       680          0
       681          2
       682          1
       683          0
       684          1
       685          1
       686          1
       687          0
       688          1
       689          0
       690          0
       691          0
       692          0
       693          0
       694          0
       695          1
       696          0
       697          0
       698          0
       699          0
       700          0
       701          1
       702          1
       703          1
       704          3
       705          3
       706          2
       707          2
       708          2
       709          3
       710          2
       711          0
       712          1
       713          0
       714          0
       715          0
       716          0
       717          3
       718          3
       719          1
       720          1
       721          2
       722          0
       723          2
       724          1
       725          2
       726          1
       727          1
       728          0
       729          0
       730          0
       731          0
       732          0
       733          2
       734          0
       735          0
       736          0
       737          0
       738          0
       739          1
       740          1
       741          0
       742          0
       743          0
       744          1
       745          1
       746          2
       747          0
       748          0
       749          3
       750          0
       751          3
       752          2
       753          0
       754          0
       755          0
       756          1
       757          2
       758          0
       759          0
       760          0
       761          0
       762          2
       763          0
       764          1
       765          3
       766          0
       767          0
       768          0
       769          1
       770          0
       771          1
       772          2
       773          3
       774          2
       775          1
       776          1
       777          0
       778          0
       779          1
       780          0
       781          0
       782          1
       783          0
       784          2
       785          2
       786          1
       787          1
       788          3
       789          0
       790          1
       791          3
       792          3
       793          2
       794          6
       795          1
       796          1
       797          0
       798          0
       799          1
       800          2
       801          1
       802          0
       803          1
       804          0
       805          3
       806          2
       807          1
       808          1
       809          2
       810          3
       811          2
       812          3
       813          1
       814          0
       815          0
       816          0
       817          1
       818          1
       819          0
       820          2
       821          0
       822          1
       823          0
       824          5
       825          1
       826          2
       827          0
       828          1
       829          0
       830          1
       831          5
       832          0
       833          1
       834          1
       835          0
       836          1
       837          0
       838          0
       839          1
       840          2
       841          0
       842          4
       843          0
       844          1
       845          3
       846          0
       847          3
       848          5
       849          1
       850          1
       851          3
       852          1
       853          0
       854          0
       855          0
       856          2
       857          2
       858          2
       859          0
       860          0
       861          2
       862          0
       863          0
       864          3
       865          2
       866          1
       867          1
       868          3
       869          0
       870          2
       871          2
       872          0
       873          6
       874          5
       875          1
       876          1
       877          2
       878          0
       879          0
       880          0
       881          0
       882          1
       883          0
       884          2
       885          3
       886          2
       887          0
       888          1
       889          1
       890          1
       891          2
       892          1
       893          0
       894          0
       895          3
       896          5
       897          2
       898          0
       899          2
       900          0
       901          3
       902          2
       903          3
       904          0
       905          1
       906          0
       907          1
       908          2
       909          1
       910          1
       911          0
       912          1
       913          4
       914          2
       915          1
       916          1
       917          2
       918          4
       919          3
       920          1
       921          1
       922          4
       923          2
       924          2
       925          2
       926          0
       927          2
       928          3
       929          1
       930          0
       931          0
       932          0
       933          2
       934          1
       935          4
       936          2
       937          0
       938          0
       939          0
       940          0
       941          0
       942          0
       943          2
       944          0
       945          1
       946          3
       947          1
       948          1
       949          1
       950          2
       951          2
       952          0
       953          2
       954          1
       955          2
       956          0
       957          0
       958          1
       959          0
       960          0
       961          1
       962          1
       963          3
       964          1
       965          1
       966          2
       967          3
       968          2
       969          0
       970          1
       971          0
       972          2
       973          1
       974          0
       975          1
       976          4
       977          0
       978          1
       979          1
       980          2
       981          0
       982          3
       983          1
       984          0
       985          1
       986          1
       987          2
       988          0
       989          1
       990          1
       991          3
       992          2
       993          0
       994          1
       995          3
       996          0
       997          2
       998          0
       999          0
      1000          9
