         0         21
         1         15
         2         13
         3         19
         4         11
         5         12
         6         15
         7         12
         8         17
         9         10
        10         13
        11         17
        12         14
        13         18
        14         12
        15         12
        16         10
        17         20
        18         16
        19         11
        20          8
        21         14
        22          9
        23         10
        24         13
        25          7
        26         11
        27         13
        28         20
        29          7
        30         12
        31         15
        32         12
        33         13
        34         12
        35         11
        36         12
        37         16
        38         17
        39         16
        40         11
        41         11
        42         12
        43         10
        44         12
        45         16
        46         14
        47         12
        48         19
        49         12
        50         23
        51         14
        52         21
        53         21
        54         17
        55         14
        56         15
        57         11
        58         19
        59         15
        60         14
        61         15
        62         10
        63         14
        64         20
        65         20
        66         14
        67         20
        68         20
        69         14
        70         13
        71         18
        72         23
        73         20
        74         22
        75         19
        76         21
        77         25
        78         20
        79         23
        80         19
        81         12
        82         12
        83         17
        84         16
        85         21
        86         27
        87         21
        88         17
        89         22
        90         12
        91         12
        92         20
        93         13
        94         16
        95         15
        96         18
        97         15
        98         19
        99         17
       100         17
       101         19
       102         17
       103         14
       104         21
       105         17
       106         12
       107         15
       108         23
       109         12
       110         13
       111         14
       112         15
       113         13
       114         17
       115         13
       116         21
       117         15
       118         20
       119         17
       120         15
       121         14
       122          6
       123          6
       124          6
       125         12
       126         18
       127         18
       128         15
       129         17
       130         19
       131         10
       132         13
       133         12
       134         16
       135         10
       136         12
       137         19
       138          8
       139          9
       140          8
       141         15
       142         14
       143         13
       144         16
       145         10
       146         14
       147          8
       148         17
       149          8
       150          9
       151         12
       152         16
       153         16
       154         13
       155         12
       156         16
       157         15
       158         14
       159         16
       160         11
       161         17
       162         22
       163         13
       164         17
       165         14
       166         10
       167         14
       168         14
       169         12
       170         15
       171         12
       172         11
       173         15
       174         11
       175         16
       176         12
       177         10
       178         16
       179         11
       180         14
       181         15
       182          9
       183         12
       184         16
       185         14
       186         17
       187         15
       188         18
       189         18
       190         18
       191         11
       192         15
       193         14
       194         19
       195         12
       196         17
       197         17
       198         16
       199         18
       200         16
       201         13
       202         22
       203         17
       204         13
       205         11
       206          7
       207         11
       208         10
       209          9
       210         10
       211         11
       212          9
       213         14
       214         12
       215         20
       216         18
       217         13
       218         10
       219          8
       220         12
       221         17
       222         15
       223         17
       224         13
       225         20
       226         13
       227         14
       228         10
       229         12
       230         21
       231         14
       232         13
       233         15
       234         13
       235          9
       236         16
       237         12
       238         13
       239         17
       240         18
       241         13
       242         14
       243         10
       244         13
       245         12
       246         12
       247         19
       248         13
       249         11
       250         20
       251         16
       252         21
       253         17
       254         18
       255         17
       256         18
       257         19
       258         13
       259         13
       260         16
       261         19
       262         18
       263         21
       264         14
       265         16
       266         15
       267         21
       268         15
       269         17
       270         12
       271         17
       272         10
       273          8
       274         19
       275         19
       276         16
       277         15
       278         19
       279         12
       280         24
       281         12
       282         25
       283         20
       284         22
       285         19
       286         16
       287         14
       288         19
       289         20
       290         21
       291         23
       292         21
       293         17
       294         18
       295         11
       296         14
       297         18
       298         23
       299         16
       300         15
       301         17
       302         19
       303         22
       304         13
       305         14
       306         11
       307         17
       308         16
       309         17
       310         19
       311         20
       312         19
       313         21
       314         16
       315         13
       316         19
       317         21
       318         21
       319         22
       320         20
       321         21
       322         12
       323         22
       324         17
       325         18
       326         28
       327         20
       328         15
       329         16
       330         11
       331         14
       332         21
       333         22
       334          9
       335         16
       336         11
       337         25
       338         13
       339         18
       340         15
       341         22
       342         21
       343         24
       344         28
       345         17
       346         21
       347         23
       348         19
       349         19
       350         23
       351         18
       352         18
       353         15
       354         19
       355         25
       356         23
       357         20
       358         21
       359         22
       360         14
       361         12
       362         22
       363         23
       364         22
       365         14
       366          7
       367         12
       368         10
       369         12
       370         17
       371         13
       372         16
       373         21
       374         19
       375         13
       376         24
       377         19
       378         19
       379         20
       380         18
       381         14
       382         14
       383         18
       384         18
       385         16
       386         23
       387         19
       388         19
       389         22
       390         22
       391         18
       392         17
       393         25
       394         17
       395         14
       396         13
       397         17
       398         13
       399         16
       400         19
       401         18
       402         21
       403         21
       404         13
       405         13
       406         19
       407         27
       408         17
       409         20
       410         16
       411         20
       412         19
       413         13
       414         12
       415         26
       416         18
       417         17
       418         12
       419         21
       420         18
       421         17
       422         28
       423         17
       424         19
       425         15
       426         15
       427         14
       428         17
       429         13
       430         16
       431         13
       432         16
       433         13
       434         15
       435         18
       436         17
       437         16
       438         19
       439         14
       440         16
       441         18
       442         16
       443         17
       444         22
       445         16
       446         20
       447         25
       448         27
       449         18
       450         15
       451         18
       452         13
       453         10
       454         12
       455         18
       456         16
       457         20
       458         14
       459         15
       460         18
       461         14
       462         18
       463         10
       464         16
       465         20
       466         18
       467         17
       468         20
       469         21
       470         15
       471         17
       472         17
       473         20
       474         17
       475         19
       476         17
       477         19
       478         22
       479         19
       480         17
       481         17
       482          9
       483         12
       484         12
       485         15
       486         16
       487         23
       488         15
       489         17
       490         17
       491         16
       492         19
       493         20
       494         15
       495         15
       496         19
       497         19
       498         21
       499         21
       500         23
       501         19
       502         16
       503         11
       504         15
       505         17
       506         14
       507         14
       508         16
       509         18
       510         20
       511         25
       512         20
       513         16
       514         15
       515         22
       516         16
       517         23
       518         22
       519         18
       520         20
       521         15
       522         15
       523         12
       524          9
       525         15
       526         21
       527         16
       528         19
       529         16
       530         16
       531         16
       532         17
       533         21
       534         20
       535         20
       536         14
       537         20
       538         14
       539         24
       540         18
       541         16
       542         18
       543         25
       544         23
       545         18
       546         13
       547         12
       548         15
       549         21
       550         12
       551         10
       552         18
       553         12
       554         19
       555         13
       556         13
       557         16
       558         20
       559         14
       560         16
       561         19
       562         14
       563         13
       564         23
       565         15
       566         21
       567         14
       568         20
       569         21
       570         23
       571         18
       572         21
       573         21
       574         19
       575          8
       576         15
       577         17
       578         20
       579         19
       580         19
       581         18
       582         17
       583         17
       584         15
       585         14
       586         13
       587         12
       588         19
       589         20
       590         17
       591         15
       592         18
       593         23
       594         18
       595         18
       596         14
       597         18
       598         21
       599         22
       600         20
       601         17
       602         21
       603         22
       604         21
       605         17
       606         14
       607         17
       608         20
       609         17
       610         17
       611         19
       612         18
       613         18
       614         14
       615         11
       616         21
       617         13
       618         15
       619         16
       620         15
       621         15
       622         14
       623         12
       624          9
       625         16
       626         11
       627         12
       628          8
       629         17
       630         13
       631         12
       632         12
       633         17
       634         14
       635         18
       636         13
       637         10
       638         22
       639         16
       640         14
       641         19
       642         15
       643         15
       644         15
       645         16
       646         19
       647         12
       648         20
       649         11
       650         13
       651         10
       652         14
       653         16
       654         14
       655         19
       656         16
       657         13
       658         14
       659         19
       660          8
       661          7
       662         11
       663         12
       664         13
       665         16
       666         18
       667         14
       668         16
       669         12
       670          9
       671         15
       672          9
       673         14
       674         17
       675         13
       676         13
       677         17
       678         25
       679         17
       680         12
       681         12
       682         16
       683         14
       684         18
       685         11
       686         16
       687         14
       688         21
       689         11
       690         18
       691         17
       692         17
       693         13
       694         10
       695         11
       696         12
       697         13
       698         13
       699         15
       700         11
       701         11
       702         16
       703         12
       704         13
       705         12
       706         20
       707         14
       708         18
       709         10
       710         20
       711         13
       712         17
       713         22
       714         21
       715         22
       716         10
       717         19
       718         22
       719         13
       720         18
       721         15
       722         13
       723         13
       724         19
       725         16
       726         14
       727         18
       728         20
       729         20
       730         20
       731         18
       732         12
       733          9
       734         15
       735         16
       736         24
       737         18
       738         16
       739         20
       740         18
       741         17
       742         17
       743         19
       744         15
       745         17
       746         18
       747         20
       748         16
       749         15
       750         19
       751         18
       752         21
       753         14
       754         16
       755          9
       756         17
       757         12
       758         12
       759         22
       760         19
       761         18
       762         18
       763         19
       764         17
       765         15
       766         13
       767         12
       768         15
       769         13
       770         18
       771         15
       772         18
       773         23
       774         22
       775         19
       776         16
       777         17
       778         22
       779         19
       780         25
       781         21
       782         25
       783          9
       784         12
       785          9
       786         16
       787         17
       788         15
       789         18
       790         16
       791         14
       792         20
       793         19
       794         13
       795         15
       796         19
       797         19
       798         14
       799         17
       800         21
       801         14
       802         18
       803         16
       804         22
       805         20
       806         24
       807         13
       808         15
       809         12
       810         14
       811         15
       812         12
       813         19
       814         16
       815         21
       816         19
       817         13
       818         22
       819         22
       820         21
       821         14
       822         19
       823         16
       824         15
       825         17
       826         22
       827         20
       828         12
       829         20
       830         17
       831         15
       832         28
       833         21
       834         17
       835         18
       836         19
       837         21
       838         19
       839         21
       840         25
       841         22
       842         21
       843         25
       844         18
       845         13
       846         15
       847         12
       848         11
       849         14
       850         16
       851         20
       852         15
       853         14
       854         21
       855         11
       856         14
       857         16
       858         16
       859         14
       860         14
       861         26
       862         12
       863         18
       864         18
       865         18
       866         17
       867         16
       868         24
       869         17
       870         16
       871         17
       872         19
       873         14
       874         13
       875         11
       876         12
       877         10
       878         14
       879         17
       880         17
       881         17
       882         14
       883         10
       884         13
       885         14
       886         16
       887         12
       888         12
       889         12
       890         13
       891         17
       892         12
       893         13
       894         13
       895         17
       896         15
       897         14
       898         13
       899         18
       900         12
       901         13
       902         17
       903         10
       904         14
       905         13
       906         10
       907          9
       908          8
       909          8
       910         10
       911         13
       912         11
       913          8
       914         17
       915         14
       916         10
       917         12
       918          9
       919         12
       920         16
       921         15
       922         16
       923         20
       924         17
       925         16
       926         17
       927         16
       928         17
       929         18
       930         14
       931         20
       932         21
       933         16
       934         18
       935         18
       936         15
       937         13
       938          9
       939         11
       940         10
       941         10
       942          8
       943          8
       944          9
       945         10
       946          8
       947         13
       948         16
       949         16
       950         15
       951         14
       952         13
       953         10
       954         10
       955          9
       956         15
       957         18
       958         13
       959         15
       960         15
       961         18
       962         17
       963         21
       964          8
       965         12
       966         15
       967         15
       968         19
       969         25
       970         14
       971         12
       972         21
       973         14
       974         10
       975         15
       976         17
       977         14
       978         15
       979         11
       980         11
       981         12
       982         16
       983         19
       984         12
       985         19
       986         23
       987         21
       988         22
       989         17
       990         19
       991         22
       992         20
       993         18
       994         19
       995         12
       996         19
       997         20
       998         12
       999         22
      1000         19
