         0          5
         1          8
         2         12
         3         11
         4          8
         5         11
         6         12
         7         10
         8         11
         9          8
        10         11
        11         10
        12         10
        13          8
        14          9
        15          9
        16         15
        17         11
        18         11
        19          7
        20          8
        21          8
        22         11
        23          9
        24         12
        25         11
        26          8
        27          8
        28         12
        29         14
        30         13
        31         12
        32          8
        33          4
        34          9
        35          7
        36          5
        37          9
        38         10
        39         10
        40          9
        41         11
        42         14
        43          9
        44          3
        45          7
        46          6
        47          8
        48          9
        49         14
        50         10
        51          7
        52         12
        53          9
        54          8
        55          8
        56         13
        57         12
        58          9
        59         17
        60         10
        61          7
        62         11
        63         10
        64          6
        65          6
        66          6
        67         10
        68          4
        69          4
        70          7
        71          4
        72         11
        73          5
        74          9
        75          8
        76         13
        77          5
        78          8
        79         13
        80          9
        81          9
        82         10
        83         11
        84         10
        85         13
        86          6
        87          7
        88          7
        89         11
        90          8
        91         11
        92          8
        93         10
        94         10
        95          8
        96          6
        97         13
        98         13
        99          9
       100         10
       101          7
       102          6
       103          7
       104          8
       105          9
       106          7
       107         12
       108         11
       109          6
       110          6
       111          8
       112          9
       113          6
       114         13
       115          6
       116          7
       117         14
       118         11
       119          8
       120          8
       121          5
       122          6
       123          9
       124          6
       125         11
       126         10
       127         11
       128          9
       129         12
       130         10
       131          9
       132         14
       133         13
       134          6
       135          4
       136         11
       137         10
       138          5
       139         10
       140          7
       141          8
       142         13
       143         10
       144         10
       145          7
       146          5
       147          8
       148         11
       149          5
       150          8
       151          9
       152          7
       153          8
       154         10
       155         12
       156         10
       157          8
       158          8
       159         10
       160         10
       161         10
       162         11
       163          5
       164          3
       165          7
       166          9
       167          7
       168         12
       169         11
       170         12
       171         10
       172         13
       173         13
       174         12
       175         10
       176         15
       177         12
       178          9
       179         13
       180         10
       181         11
       182         10
       183         12
       184         11
       185         19
       186          8
       187         11
       188          7
       189         12
       190          8
       191          8
       192         12
       193         10
       194         12
       195         11
       196         11
       197          7
       198         10
       199          7
       200          3
       201          5
       202          6
       203          8
       204          9
       205         10
       206          8
       207          8
       208         10
       209         13
       210         11
       211          7
       212         10
       213          9
       214         11
       215          8
       216          9
       217          6
       218         17
       219          8
       220         20
       221         11
       222         10
       223         14
       224          5
       225         12
       226         10
       227          7
       228          9
       229         11
       230          5
       231          8
       232         11
       233          5
       234          5
       235          9
       236          8
       237          9
       238          4
       239          5
       240          3
       241          6
       242          3
       243          5
       244          6
       245          8
       246          6
       247          9
       248         10
       249          9
       250         14
       251          5
       252         10
       253          9
       254          8
       255          7
       256          6
       257          9
       258         13
       259          6
       260          6
       261          7
       262         10
       263         10
       264         13
       265         10
       266         10
       267         11
       268         11
       269          5
       270          8
       271         10
       272          8
       273          9
       274          7
       275         12
       276          6
       277          9
       278         12
       279          8
       280          7
       281          9
       282         10
       283          6
       284          6
       285         12
       286          9
       287          8
       288         18
       289          8
       290          9
       291          8
       292         11
       293          9
       294         11
       295         11
       296         12
       297         12
       298         12
       299         11
       300          7
       301         13
       302          9
       303         12
       304         12
       305         11
       306         10
       307         12
       308          8
       309         13
       310         13
       311         14
       312         13
       313         10
       314          8
       315         11
       316         11
       317         19
       318         12
       319          9
       320         12
       321          8
       322          6
       323         11
       324          8
       325         16
       326          9
       327          8
       328         11
       329          9
       330         12
       331         14
       332         16
       333         13
       334         18
       335         13
       336         11
       337         12
       338         10
       339          7
       340          7
       341          6
       342         10
       343          7
       344          9
       345          9
       346         13
       347          4
       348         12
       349          9
       350         11
       351         15
       352          9
       353         18
       354         15
       355         17
       356         13
       357          9
       358          7
       359         14
       360         12
       361         11
       362         10
       363          7
       364          5
       365          9
       366          9
       367          9
       368         11
       369          7
       370          7
       371          6
       372          3
       373          6
       374         11
       375         14
       376         11
       377          7
       378         11
       379          5
       380          7
       381          7
       382         10
       383          9
       384         11
       385         10
       386         12
       387         11
       388          8
       389          6
       390          8
       391          3
       392         14
       393          2
       394          5
       395          6
       396          8
       397          9
       398          6
       399         10
       400          7
       401          5
       402          4
       403          8
       404          7
       405          8
       406         10
       407          8
       408          7
       409          8
       410          3
       411          5
       412          8
       413         12
       414          8
       415          6
       416         12
       417          7
       418          8
       419         10
       420         10
       421         13
       422          5
       423          5
       424          7
       425         14
       426         12
       427          9
       428         10
       429         10
       430          5
       431         12
       432         18
       433         15
       434         10
       435         12
       436         14
       437         13
       438          7
       439          4
       440          7
       441          8
       442          8
       443          3
       444          4
       445          8
       446          7
       447         13
       448          9
       449          9
       450         14
       451         12
       452         14
       453         12
       454         15
       455         10
       456         11
       457          7
       458         10
       459          5
       460          5
       461         16
       462         15
       463         16
       464         11
       465          9
       466          6
       467          8
       468          6
       469         11
       470          6
       471          8
       472          8
       473         13
       474         16
       475         13
       476         13
       477          8
       478          8
       479          7
       480         10
       481          9
       482          8
       483          8
       484          3
       485          8
       486          6
       487          5
       488          9
       489          3
       490         11
       491          8
       492          6
       493         10
       494          8
       495         10
       496          8
       497          6
       498          8
       499          6
       500          8
       501         11
       502         10
       503         11
       504         12
       505         15
       506          9
       507         17
       508         13
       509         14
       510         14
       511          8
       512          6
       513          8
       514          9
       515          6
       516          8
       517          7
       518         12
       519          4
       520          8
       521          6
       522          7
       523          5
       524          6
       525          8
       526          4
       527          3
       528          4
       529          4
       530          5
       531          4
       532          5
       533          4
       534          8
       535          9
       536         10
       537          6
       538          5
       539          6
       540          5
       541          6
       542          6
       543          8
       544          9
       545          5
       546          5
       547          8
       548         10
       549          4
       550          6
       551          9
       552          9
       553          7
       554          9
       555          5
       556         10
       557          3
       558          8
       559          7
       560          7
       561          8
       562          6
       563         13
       564         10
       565          8
       566          6
       567          6
       568          9
       569          9
       570          6
       571         10
       572          3
       573          7
       574         11
       575          6
       576          8
       577          7
       578          7
       579          5
       580          8
       581          8
       582          6
       583         15
       584          9
       585         10
       586          7
       587          7
       588         14
       589         12
       590          5
       591          7
       592          8
       593         12
       594         13
       595         11
       596         13
       597         15
       598          5
       599          8
       600          8
       601          9
       602         11
       603          7
       604          5
       605          4
       606         11
       607          7
       608          6
       609          8
       610          1
       611          6
       612          5
       613          4
       614          4
       615          4
       616          5
       617          4
       618          6
       619          5
       620          7
       621          9
       622          6
       623         13
       624          7
       625          7
       626          5
       627          8
       628          6
       629          5
       630          6
       631          9
       632         10
       633          5
       634          6
       635          6
       636          9
       637          2
       638         14
       639          9
       640         11
       641         12
       642         11
       643         10
       644         11
       645          7
       646          4
       647          7
       648         11
       649          6
       650         10
       651         10
       652          7
       653          1
       654          3
       655          5
       656          8
       657         10
       658          7
       659         13
       660          7
       661         12
       662          9
       663          4
       664          9
       665          7
       666          9
       667         10
       668          8
       669         11
       670         11
       671          5
       672          6
       673          9
       674         11
       675          9
       676          9
       677         13
       678         10
       679         10
       680          9
       681          6
       682          9
       683          6
       684         10
       685          9
       686         10
       687          9
       688          9
       689          6
       690          5
       691          5
       692          4
       693          4
       694          7
       695          9
       696          7
       697          8
       698         18
       699         11
       700         12
       701         15
       702          9
       703          7
       704         11
       705         13
       706         11
       707         11
       708         13
       709         12
       710          9
       711          4
       712          7
       713         11
       714          9
       715         12
       716          3
       717         16
       718         13
       719         10
       720         14
       721         12
       722         12
       723          9
       724          9
       725         10
       726         11
       727          7
       728          5
       729          6
       730          7
       731          7
       732          6
       733          8
       734          7
       735          6
       736          9
       737          6
       738          9
       739          7
       740         10
       741         14
       742          8
       743         15
       744         11
       745         11
       746         13
       747         12
       748         11
       749         14
       750          6
       751         16
       752         15
       753         12
       754          9
       755         10
       756          8
       757         11
       758         11
       759          9
       760          8
       761          6
       762         10
       763         12
       764          8
       765         10
       766         11
       767          8
       768          8
       769          7
       770          5
       771          7
       772          8
       773          7
       774          8
       775          6
       776          6
       777          3
       778          3
       779          9
       780         10
       781          7
       782          8
       783          8
       784         11
       785         13
       786         13
       787         12
       788         17
       789         11
       790         11
       791         10
       792         14
       793          9
       794         21
       795          6
       796         11
       797         11
       798         12
       799          9
       800         13
       801         12
       802         11
       803          7
       804          8
       805          6
       806         13
       807         11
       808         12
       809         13
       810         12
       811          8
       812         11
       813          8
       814          9
       815         10
       816          7
       817          4
       818          9
       819          9
       820         12
       821          9
       822         10
       823          8
       824         19
       825         11
       826         11
       827         11
       828         12
       829          9
       830         11
       831         12
       832          9
       833         13
       834         10
       835         10
       836         11
       837          8
       838          7
       839          9
       840         11
       841          7
       842          8
       843          8
       844         13
       845         10
       846         14
       847         17
       848         15
       849          9
       850          9
       851          9
       852          7
       853         14
       854          1
       855         13
       856         14
       857         11
       858         13
       859         12
       860          6
       861          9
       862          8
       863          9
       864         15
       865          9
       866         12
       867         13
       868         13
       869          4
       870         12
       871         10
       872          9
       873         16
       874         12
       875         16
       876         11
       877         15
       878          6
       879          7
       880         12
       881          9
       882         10
       883         11
       884         14
       885         17
       886         10
       887          6
       888          6
       889          8
       890          8
       891         15
       892         10
       893          9
       894         10
       895         11
       896         13
       897         10
       898         13
       899         10
       900          7
       901         10
       902          8
       903         13
       904          7
       905         11
       906          6
       907         13
       908         13
       909          5
       910         10
       911         12
       912         12
       913         17
       914         15
       915         15
       916         15
       917         13
       918         16
       919         18
       920         12
       921         14
       922         16
       923         19
       924         15
       925          9
       926          6
       927         10
       928         12
       929         10
       930         11
       931          6
       932          6
       933          9
       934         10
       935         10
       936          9
       937          8
       938         15
       939          6
       940         13
       941         12
       942         12
       943         10
       944          9
       945         16
       946         14
       947         12
       948         10
       949         11
       950         10
       951         10
       952          7
       953         11
       954          9
       955          8
       956          6
       957          8
       958         14
       959         13
       960         11
       961          9
       962          9
       963         14
       964         12
       965         17
       966         12
       967          8
       968          7
       969          6
       970         13
       971         12
       972         13
       973         10
       974          6
       975         10
       976         11
       977          9
       978         12
       979         12
       980          9
       981          9
       982         15
       983          8
       984         10
       985          8
       986         11
       987         13
       988          8
       989          4
       990         13
       991          9
       992          8
       993          5
       994         11
       995         12
       996          9
       997         13
       998          9
       999          8
      1000         17
