         0          7
         1          6
         2         11
         3         11
         4         12
         5          8
         6          4
         7          3
         8          6
         9          9
        10         10
        11          8
        12          5
        13         10
        14          5
        15          7
        16          7
        17          6
        18          4
        19          5
        20          4
        21          4
        22          3
        23          5
        24          8
        25          4
        26          9
        27          6
        28         11
        29          9
        30          8
        31          5
        32          5
        33          7
        34          6
        35          6
        36          2
        37          9
        38         13
        39         14
        40          6
        41          9
        42         12
        43          9
        44          4
        45          2
        46          4
        47          8
        48         11
        49         11
        50         10
        51          9
        52         12
        53          5
        54          4
        55          6
        56          8
        57          9
        58          8
        59          9
        60          7
        61          6
        62          8
        63          7
        64         12
        65          7
        66          5
        67          5
        68          1
        69          3
        70          4
        71          4
        72          9
        73          2
        74          5
        75         11
        76         10
        77          4
        78          4
        79          7
        80          7
        81          6
        82          8
        83         12
        84         10
        85          4
        86          7
        87          4
        88          4
        89          4
        90          6
        91          9
        92          4
        93          6
        94          8
        95          4
        96          4
        97         11
        98         10
        99          4
       100          7
       101          5
       102          2
       103          6
       104          4
       105          1
       106          4
       107          3
       108          7
       109          7
       110          2
       111          5
       112          6
       113          8
       114          6
       115          6
       116          5
       117          6
       118         10
       119          2
       120          8
       121          6
       122          5
       123          5
       124          0
       125          7
       126          4
       127         10
       128          3
       129          8
       130         11
       131          3
       132          7
       133          7
       134          6
       135          4
       136          5
       137          5
       138          7
       139          2
       140          5
       141          4
       142         12
       143          5
       144          7
       145          4
       146          4
       147          9
       148          8
       149          7
       150          8
       151          5
       152          1
       153         11
       154          5
       155         14
       156          8
       157          9
       158          6
       159          7
       160          7
       161         14
       162         16
       163          1
       164          4
       165          4
       166          4
       167          4
       168          5
       169          8
       170          9
       171          6
       172          2
       173          9
       174         10
       175          6
       176         12
       177          4
       178          2
       179         10
       180          7
       181          9
       182          7
       183          6
       184          6
       185         14
       186         11
       187         10
       188          3
       189          5
       190          5
       191          8
       192          7
       193         10
       194          8
       195         10
       196          9
       197          7
       198         12
       199          6
       200          3
       201          3
       202          6
       203          1
       204          5
       205         10
       206          8
       207          6
       208          2
       209         11
       210          8
       211          3
       212          3
       213          6
       214          6
       215          1
       216          9
       217          1
       218         10
       219          7
       220         15
       221         14
       222          7
       223          4
       224          5
       225          9
       226          3
       227          7
       228          1
       229          8
       230          2
       231          8
       232          5
       233          1
       234          3
       235          5
       236          8
       237          5
       238          4
       239          4
       240          5
       241          7
       242          1
       243          4
       244          5
       245          4
       246          2
       247          5
       248          9
       249          3
       250          6
       251          3
       252          7
       253          4
       254          8
       255          8
       256          7
       257          5
       258         11
       259          5
       260          3
       261          4
       262          7
       263          5
       264         12
       265          8
       266          9
       267          8
       268          8
       269          5
       270          5
       271          5
       272          4
       273          3
       274          5
       275          8
       276          5
       277          4
       278          8
       279          4
       280          4
       281          7
       282         10
       283          8
       284          5
       285          9
       286          7
       287          4
       288         17
       289          4
       290          6
       291          1
       292          6
       293          8
       294          7
       295          3
       296          7
       297          9
       298         10
       299          8
       300          3
       301          8
       302          5
       303         10
       304          4
       305          9
       306         11
       307          6
       308          4
       309          8
       310         10
       311          8
       312          8
       313          2
       314         13
       315          9
       316          6
       317          9
       318         13
       319         10
       320          7
       321          8
       322          3
       323         10
       324         10
       325          6
       326          6
       327          7
       328          6
       329          4
       330         16
       331          6
       332          8
       333          4
       334         17
       335          9
       336          5
       337          5
       338          8
       339          2
       340         13
       341          9
       342         10
       343          1
       344          7
       345          7
       346         13
       347          1
       348          4
       349         12
       350         11
       351          5
       352          4
       353         12
       354          9
       355          9
       356          9
       357         12
       358          8
       359          7
       360          6
       361         10
       362          6
       363          5
       364          7
       365          7
       366          4
       367          8
       368          8
       369          5
       370          8
       371          5
       372          4
       373          3
       374          6
       375          6
       376         10
       377          4
       378          5
       379          6
       380          6
       381          5
       382          7
       383          5
       384          6
       385          8
       386          6
       387          9
       388          6
       389          3
       390          8
       391          4
       392         15
       393          3
       394          6
       395          2
       396          8
       397          9
       398          5
       399          5
       400          9
       401          5
       402          1
       403          8
       404          8
       405          5
       406          6
       407          9
       408          8
       409          5
       410          1
       411          3
       412          6
       413         10
       414          7
       415          6
       416          3
       417          3
       418          3
       419         10
       420          3
       421          6
       422          5
       423          9
       424          3
       425         10
       426         10
       427          3
       428          7
       429          5
       430          5
       431          8
       432         14
       433          7
       434          3
       435          6
       436          6
       437          3
       438          4
       439          5
       440         10
       441          7
       442          6
       443          3
       444          3
       445          5
       446          7
       447          9
       448          9
       449          7
       450          7
       451          5
       452          7
       453          4
       454         11
       455          5
       456          3
       457          8
       458          6
       459          6
       460          8
       461         13
       462         15
       463         13
       464         12
       465          5
       466          1
       467          5
       468          9
       469          5
       470          3
       471          8
       472          7
       473          7
       474          7
       475         10
       476         13
       477          3
       478          6
       479          3
       480         10
       481          6
       482          5
       483          6
       484          1
       485          4
       486          9
       487          3
       488          1
       489          1
       490         13
       491          8
       492          7
       493          8
       494          5
       495          6
       496          5
       497          2
       498          9
       499          3
       500          2
       501          7
       502          9
       503          9
       504          9
       505         10
       506         13
       507          7
       508          9
       509          4
       510          0
       511          4
       512          6
       513          7
       514          5
       515          2
       516          3
       517          9
       518          9
       519          4
       520          7
       521          5
       522          6
       523          2
       524          1
       525          5
       526          2
       527          2
       528          4
       529          3
       530          2
       531          3
       532          3
       533          4
       534          4
       535          9
       536          7
       537          4
       538          5
       539          3
       540          3
       541          2
       542          7
       543          9
       544          6
       545          3
       546          4
       547          6
       548          7
       549          3
       550          5
       551          6
       552          5
       553          6
       554          7
       555          3
       556          9
       557          2
       558          6
       559          4
       560          7
       561          7
       562          3
       563          5
       564          6
       565          3
       566          4
       567          2
       568          5
       569          9
       570          3
       571          9
       572          1
       573          4
       574          1
       575          5
       576          3
       577          5
       578          6
       579          9
       580          3
       581          8
       582          5
       583         10
       584          7
       585          2
       586          6
       587          1
       588          7
       589          7
       590          1
       591          4
       592          4
       593          5
       594          9
       595          6
       596         15
       597         10
       598          3
       599          5
       600          5
       601          5
       602          5
       603          3
       604          5
       605          2
       606          8
       607          2
       608          1
       609          7
       610          2
       611          5
       612          2
       613          3
       614          0
       615          1
       616          7
       617          2
       618          5
       619          2
       620          4
       621         11
       622          8
       623          6
       624          3
       625          3
       626          2
       627          3
       628          6
       629          5
       630          3
       631          6
       632          6
       633          2
       634          1
       635          2
       636          4
       637          1
       638         12
       639          7
       640          9
       641          7
       642          4
       643          7
       644          6
       645          7
       646          4
       647          3
       648          3
       649          0
       650          5
       651          8
       652          4
       653          2
       654          2
       655          8
       656          6
       657          8
       658          6
       659          5
       660          7
       661          5
       662         13
       663          4
       664          5
       665          5
       666          7
       667          9
       668          6
       669          9
       670          6
       671          2
       672          5
       673          8
       674          6
       675          5
       676          9
       677          9
       678          4
       679          5
       680          8
       681          3
       682          8
       683          9
       684         15
       685          5
       686          5
       687         10
       688          7
       689          6
       690          3
       691          7
       692          3
       693          2
       694          1
       695         13
       696          3
       697          7
       698          9
       699          8
       700          8
       701          6
       702          3
       703          3
       704          3
       705         11
       706          5
       707         10
       708          8
       709         12
       710          1
       711          7
       712          5
       713          5
       714          1
       715          5
       716          4
       717          6
       718         12
       719          8
       720          8
       721         12
       722          9
       723          4
       724          6
       725          6
       726          7
       727          6
       728          2
       729          6
       730          4
       731          7
       732          8
       733          4
       734          4
       735          6
       736          1
       737          5
       738          9
       739          3
       740         10
       741         12
       742         10
       743         14
       744          6
       745          6
       746          9
       747          8
       748         11
       749          5
       750          7
       751          7
       752         10
       753          9
       754          7
       755          7
       756          9
       757          7
       758         10
       759         10
       760          5
       761          1
       762          6
       763          7
       764          2
       765          8
       766          5
       767          5
       768          8
       769          7
       770          3
       771          4
       772          4
       773          6
       774          4
       775          2
       776          7
       777          6
       778          3
       779          5
       780          9
       781         15
       782          7
       783          6
       784          7
       785         13
       786          2
       787          9
       788          9
       789          4
       790          7
       791          2
       792          4
       793          4
       794         11
       795          7
       796          7
       797          7
       798         15
       799         10
       800          7
       801          5
       802          9
       803          7
       804         10
       805          3
       806         13
       807         10
       808          7
       809          5
       810          4
       811          5
       812         11
       813          7
       814          3
       815          4
       816          4
       817          1
       818          4
       819          5
       820          7
       821          5
       822          5
       823          5
       824         18
       825          9
       826          8
       827         15
       828          6
       829          8
       830          9
       831         10
       832          3
       833         15
       834         14
       835         10
       836          4
       837         11
       838          4
       839          5
       840         11
       841         10
       842         12
       843          3
       844          9
       845          5
       846         10
       847         10
       848          6
       849          4
       850         10
       851          1
       852          5
       853         10
       854          1
       855          5
       856         13
       857          9
       858          5
       859          9
       860          6
       861          3
       862         11
       863          7
       864          5
       865          6
       866         11
       867          6
       868         11
       869          2
       870          8
       871          7
       872          8
       873         15
       874         12
       875          7
       876          5
       877          7
       878          5
       879          6
       880          6
       881          5
       882          8
       883          5
       884         19
       885          8
       886          5
       887          3
       888          5
       889          7
       890         13
       891          6
       892          4
       893          9
       894         15
       895          9
       896          7
       897          6
       898         14
       899          8
       900         10
       901          6
       902          6
       903          3
       904          4
       905          3
       906          3
       907          8
       908         13
       909          7
       910          5
       911          5
       912          9
       913         12
       914         11
       915          9
       916          7
       917          9
       918         13
       919         12
       920          5
       921         11
       922         12
       923         13
       924         11
       925          6
       926          3
       927          7
       928         13
       929         10
       930          4
       931          3
       932          4
       933          5
       934          9
       935         12
       936          4
       937          7
       938         13
       939          5
       940          9
       941         13
       942         13
       943         10
       944          4
       945         12
       946         11
       947         10
       948          9
       949          8
       950         12
       951          6
       952          3
       953          5
       954          2
       955          4
       956          3
       957          9
       958          8
       959         14
       960          6
       961          5
       962          7
       963         14
       964          8
       965          9
       966          7
       967          7
       968          5
       969          2
       970          5
       971          6
       972          7
       973          5
       974          6
       975          8
       976          2
       977          7
       978          7
       979          7
       980         10
       981          2
       982         13
       983          7
       984          7
       985          6
       986          8
       987          2
       988          3
       989          4
       990         13
       991          5
       992          5
       993          7
       994          8
       995          6
       996          3
       997          6
       998          5
       999          3
      1000         11
