         0          7
         1          6
         2          3
         3          5
         4          4
         5          2
         6          5
         7          8
         8          8
         9          6
        10          6
        11          7
        12          4
        13          6
        14          2
        15          9
        16          4
        17          8
        18          4
        19          5
        20          1
        21          5
        22          2
        23          6
        24          3
        25          2
        26          5
        27          4
        28          8
        29          4
        30          5
        31          5
        32          9
        33          6
        34          5
        35          3
        36          2
        37          4
        38          5
        39          5
        40          2
        41          3
        42          1
        43          4
        44          5
        45          4
        46          7
        47          6
        48          7
        49          2
        50          7
        51          6
        52         11
        53          9
        54         10
        55          6
        56         11
        57          5
        58          9
        59          8
        60          8
        61          2
        62          3
        63          4
        64          8
        65          9
        66          1
        67          6
        68          2
        69          5
        70          6
        71          9
        72          8
        73          6
        74          9
        75         15
        76          9
        77          9
        78          6
        79          8
        80          3
        81          7
        82          5
        83          6
        84          7
        85          8
        86         11
        87          7
        88          8
        89          6
        90          9
        91          2
        92          3
        93          3
        94          6
        95          4
        96          8
        97          3
        98          6
        99          9
       100         10
       101          7
       102          5
       103          9
       104         14
       105          6
       106          5
       107         11
       108         10
       109          5
       110          4
       111          5
       112          7
       113          5
       114          3
       115          7
       116          9
       117          8
       118          5
       119          8
       120          6
       121          7
       122          1
       123          2
       124          1
       125          3
       126          4
       127          5
       128          4
       129          6
       130          6
       131          6
       132          6
       133          3
       134          3
       135          1
       136          7
       137          7
       138          7
       139          2
       140          2
       141          1
       142          3
       143          6
       144          0
       145          3
       146          6
       147          1
       148          5
       149          4
       150          2
       151          5
       152          5
       153          9
       154          2
       155          4
       156          2
       157          2
       158          4
       159          5
       160          8
       161          8
       162          5
       163          7
       164          6
       165          2
       166          4
       167          1
       168          3
       169          5
       170          9
       171          4
       172          6
       173          4
       174          1
       175          4
       176          4
       177          2
       178          7
       179          4
       180          7
       181          2
       182          3
       183          2
       184          8
       185          6
       186          8
       187          8
       188          9
       189          3
       190          5
       191          3
       192          4
       193          1
       194         10
       195          7
       196         11
       197          7
       198          2
       199          3
       200          4
       201          5
       202          8
       203          7
       204          6
       205          4
       206          1
       207          3
       208          3
       209          2
       210          3
       211          3
       212          2
       213          8
       214          5
       215          7
       216          5
       217          4
       218          3
       219          6
       220          3
       221          3
       222         10
       223          3
       224          3
       225          7
       226          5
       227          5
       228          3
       229          1
       230          9
       231          6
       232          1
       233          3
       234         11
       235          5
       236          4
       237          6
       238          7
       239          7
       240          7
       241          0
       242          7
       243         10
       244          4
       245          2
       246          5
       247          8
       248          4
       249         13
       250          4
       251          5
       252          5
       253          8
       254          3
       255          4
       256          7
       257         13
       258          4
       259         11
       260          2
       261          8
       262          2
       263          8
       264          4
       265          6
       266          2
       267          8
       268          3
       269          4
       270          5
       271          2
       272          1
       273          1
       274          5
       275          7
       276          0
       277          5
       278          7
       279          2
       280          8
       281          4
       282          9
       283         13
       284          8
       285          9
       286          8
       287          4
       288          7
       289          6
       290          9
       291          9
       292          9
       293          3
       294          6
       295          2
       296          4
       297          6
       298          4
       299          2
       300          6
       301          3
       302          6
       303          7
       304          6
       305          6
       306          4
       307          3
       308          6
       309          4
       310          7
       311         11
       312          4
       313         12
       314          2
       315          4
       316          5
       317         12
       318         10
       319         13
       320          8
       321          7
       322          8
       323          7
       324          6
       325          9
       326         10
       327          5
       328          3
       329          6
       330          5
       331          8
       332          7
       333          5
       334          5
       335         11
       336          6
       337          7
       338          7
       339          5
       340          8
       341          8
       342          2
       343          6
       344          9
       345          1
       346          6
       347          6
       348          8
       349          4
       350         14
       351          2
       352          6
       353          5
       354          7
       355         12
       356         11
       357          3
       358         13
       359          9
       360          7
       361          5
       362          8
       363         12
       364          5
       365          5
       366          3
       367         11
       368          4
       369          3
       370          4
       371          3
       372         11
       373          9
       374         11
       375          0
       376          5
       377          4
       378          9
       379          9
       380          7
       381         11
       382          4
       383          7
       384          7
       385          9
       386          3
       387         12
       388          6
       389          6
       390          4
       391          7
       392          2
       393          6
       394          5
       395          5
       396          3
       397          2
       398          4
       399         11
       400          4
       401         11
       402         11
       403          8
       404          7
       405          3
       406          2
       407          8
       408          5
       409          5
       410          4
       411          5
       412          5
       413          1
       414          7
       415         15
       416          6
       417         11
       418          7
       419          8
       420          9
       421          7
       422          8
       423          2
       424          5
       425          6
       426          4
       427          1
       428          9
       429          4
       430          2
       431          8
       432          5
       433          4
       434          6
       435          5
       436          6
       437          9
       438          8
       439          9
       440          7
       441         11
       442          5
       443          6
       444          6
       445          6
       446          3
       447          9
       448          7
       449          7
       450          7
       451          6
       452          3
       453          1
       454          5
       455          6
       456          3
       457          6
       458          3
       459          6
       460          4
       461          2
       462          8
       463          6
       464          6
       465          7
       466          5
       467          8
       468          6
       469          8
       470          0
       471         12
       472          8
       473         11
       474         10
       475          7
       476          6
       477          2
       478          4
       479          6
       480          5
       481          3
       482          0
       483          1
       484          4
       485          5
       486          9
       487          5
       488          4
       489          5
       490          4
       491          6
       492         10
       493          6
       494          8
       495          2
       496          8
       497          8
       498          6
       499          6
       500          5
       501          7
       502          2
       503          4
       504          4
       505          8
       506          5
       507          5
       508          2
       509          3
       510          4
       511          7
       512          6
       513          9
       514          3
       515          2
       516          4
       517          4
       518          6
       519          8
       520          8
       521          5
       522          7
       523          8
       524         11
       525          8
       526         12
       527          6
       528          7
       529          0
       530          9
       531          6
       532          3
       533          7
       534          1
       535         12
       536          4
       537          6
       538         10
       539          7
       540          4
       541          2
       542          5
       543          6
       544          7
       545          7
       546          8
       547          1
       548          9
       549         10
       550          3
       551          3
       552          6
       553          5
       554          6
       555          2
       556          6
       557          4
       558          9
       559          8
       560          8
       561          7
       562          9
       563          1
       564          6
       565         11
       566          6
       567          6
       568          6
       569          4
       570         11
       571          8
       572          3
       573          4
       574          9
       575          4
       576          5
       577          6
       578          6
       579          7
       580         10
       581          6
       582          5
       583          7
       584          5
       585          6
       586          3
       587          4
       588          9
       589          7
       590          4
       591          4
       592          5
       593          5
       594          5
       595          2
       596          5
       597         10
       598          5
       599          8
       600         10
       601          3
       602         10
       603          2
       604          7
       605          6
       606          3
       607          6
       608          5
       609          5
       610          6
       611          8
       612          5
       613          9
       614          3
       615          6
       616          6
       617          9
       618          1
       619          6
       620          7
       621          7
       622          5
       623          3
       624          3
       625          8
       626          3
       627          6
       628          2
       629          1
       630          3
       631          4
       632          3
       633          7
       634          5
       635         11
       636          1
       637          2
       638          9
       639          5
       640          7
       641          5
       642          3
       643          7
       644          7
       645          5
       646          7
       647          3
       648          5
       649          4
       650          5
       651          3
       652          8
       653          8
       654          6
       655          4
       656          4
       657          2
       658          5
       659          3
       660          4
       661          2
       662          3
       663          4
       664          4
       665          7
       666         10
       667          7
       668          6
       669          5
       670          4
       671          7
       672          6
       673          5
       674          8
       675          2
       676          4
       677          5
       678         10
       679          6
       680          3
       681          6
       682          5
       683          8
       684          5
       685          8
       686          6
       687          6
       688         10
       689          1
       690         12
       691         10
       692          9
       693          8
       694          3
       695          4
       696          2
       697          4
       698          9
       699          6
       700          3
       701          6
       702          6
       703          4
       704          5
       705          4
       706         10
       707          1
       708          7
       709          6
       710          4
       711          7
       712          3
       713          5
       714          2
       715          8
       716          4
       717         10
       718          5
       719          4
       720          8
       721          3
       722          5
       723          2
       724         11
       725          7
       726          3
       727          7
       728         10
       729          8
       730          6
       731          3
       732          7
       733          5
       734          5
       735          4
       736          9
       737          5
       738          3
       739          8
       740          6
       741          8
       742          8
       743          3
       744          5
       745          2
       746          8
       747          4
       748          4
       749          2
       750          7
       751          6
       752         11
       753          5
       754          3
       755          6
       756          4
       757          2
       758          8
       759          9
       760          8
       761          6
       762          5
       763          7
       764          6
       765          3
       766          2
       767          5
       768          8
       769          1
       770         11
       771          5
       772          5
       773         11
       774          6
       775          6
       776          3
       777          7
       778          8
       779          8
       780          5
       781          7
       782          6
       783          4
       784          4
       785          2
       786          5
       787          6
       788          5
       789          5
       790          8
       791          6
       792          7
       793          2
       794          3
       795          6
       796          2
       797          3
       798          4
       799         10
       800          8
       801          7
       802          7
       803         13
       804         13
       805          4
       806          7
       807          5
       808          5
       809          6
       810          2
       811          5
       812          3
       813          4
       814         11
       815          8
       816         14
       817          4
       818          7
       819          7
       820          2
       821          3
       822         11
       823          7
       824          3
       825          2
       826          2
       827          6
       828          6
       829          7
       830          6
       831          0
       832         14
       833         14
       834         11
       835         10
       836          9
       837          4
       838          4
       839          8
       840          7
       841          6
       842          4
       843          9
       844          6
       845          3
       846          5
       847          9
       848          4
       849          4
       850          2
       851          8
       852          5
       853          9
       854          2
       855          2
       856          2
       857          6
       858          5
       859          7
       860         11
       861          9
       862          2
       863          7
       864          8
       865          5
       866          7
       867          9
       868         12
       869          5
       870          8
       871          6
       872          3
       873          9
       874          5
       875          1
       876          6
       877          4
       878          5
       879          6
       880          5
       881          6
       882          2
       883          4
       884          7
       885          7
       886          6
       887          7
       888          5
       889          5
       890          4
       891          5
       892          4
       893          2
       894          7
       895          4
       896          3
       897          3
       898          8
       899          3
       900          6
       901          5
       902          7
       903          4
       904          6
       905          4
       906          3
       907          2
       908          2
       909          1
       910          3
       911          5
       912          1
       913          0
       914          4
       915          5
       916          4
       917          7
       918          6
       919          4
       920          2
       921          8
       922          2
       923          6
       924          3
       925          5
       926          4
       927          8
       928          6
       929          4
       930          3
       931          5
       932         11
       933          8
       934          8
       935          6
       936          5
       937          4
       938          5
       939          4
       940          5
       941          2
       942          2
       943          0
       944          3
       945          5
       946          7
       947          5
       948          7
       949          8
       950          4
       951          4
       952          6
       953          6
       954          1
       955          5
       956          7
       957          0
       958          5
       959          3
       960          3
       961          9
       962          4
       963         14
       964          3
       965          4
       966          4
       967          7
       968          5
       969          7
       970          4
       971          4
       972         10
       973          4
       974          7
       975          6
       976          7
       977          5
       978          0
       979          3
       980          3
       981          3
       982          5
       983          9
       984          2
       985          4
       986         11
       987         10
       988          4
       989          2
       990          7
       991         10
       992          7
       993          6
       994          7
       995          9
       996          6
       997          4
       998          5
       999         11
      1000          5
