0.000000 1.000000 1.000000
1.000000 0.202110 0.202110
2.000000 0.050676 0.093591
3.000000 0.013261 0.047793
4.000000 0.003753 0.025245
5.000000 0.000357 0.021698
6.000000 0.000000 0.013529
7.000000 0.000000 0.007484
8.000000 0.000000 0.002433
9.000000 0.000000 0.001737
10.000000 0.000000 0.003658
11.000000 0.000000 0.010015
12.000000 0.000000 0.001636
13.000000 0.000000 0.003389
14.000000 0.000000 0.000829
15.000000 0.000000 0.000000
16.000000 0.000000 0.001241
17.000000 0.000000 0.000000
18.000000 0.000000 0.000000
19.000000 0.000000 0.000000
20.000000 0.000000 0.000000
21.000000 0.000000 0.000000
22.000000 0.000000 0.000000
23.000000 0.000000 0.000000
24.000000 0.000000 0.000000
25.000000 0.000000 0.000000
26.000000 0.000000 0.000000
27.000000 0.000000 0.000000
28.000000 0.000000 0.000000
29.000000 0.000000 0.000000
30.000000 0.000000 0.000000
31.000000 0.000000 0.000000
32.000000 0.000000 0.000000
33.000000 0.000000 0.000000
34.000000 0.000000 0.000000
35.000000 0.000000 0.000000
36.000000 0.000000 0.000000
37.000000 0.000000 0.000000
38.000000 0.000000 0.000000
39.000000 0.000000 0.000000
40.000000 0.000000 0.000000
41.000000 0.000000 0.000000
42.000000 0.000000 0.000000
43.000000 0.000000 0.000000
44.000000 0.000000 0.000000
45.000000 0.000000 0.000000
46.000000 0.000000 0.000000
47.000000 0.000000 0.000000
48.000000 0.000000 0.000000
49.000000 0.000000 0.000000
