# RDF result for ow-ow,ow-hw,cation-ow,anion-ow
0.075 0.000 0.000 0.000 0.000 
0.225 0.000 0.000 0.000 0.000 
0.375 0.000 0.000 0.000 0.000 
0.525 0.000 0.000 0.000 0.000 
0.675 0.000 0.000 0.000 0.000 
0.825 0.000 0.000 0.000 0.000 
0.975 0.000 16.844 0.000 0.000 
1.125 0.000 0.000 0.000 0.000 
1.275 0.000 0.000 0.000 0.000 
1.425 0.000 0.000 0.000 0.000 
1.575 0.000 0.102 0.000 0.000 
1.725 0.000 0.839 0.000 0.000 
1.875 0.000 1.189 0.000 0.000 
2.025 0.000 0.804 0.000 0.000 
2.175 0.000 0.465 0.396 0.000 
2.325 0.000 0.311 5.335 0.000 
2.475 0.064 0.286 5.574 0.000 
2.625 1.282 0.382 2.314 0.000 
2.775 2.575 0.638 0.741 0.000 
2.925 1.989 1.030 0.369 0.107 
3.075 1.342 1.338 0.202 1.666 
3.225 1.074 1.415 0.188 3.437 
3.375 0.989 1.356 0.218 2.672 
3.525 0.960 1.257 0.319 1.453 
3.675 0.958 1.136 0.382 0.872 
3.825 0.960 1.045 0.606 0.658 
3.975 0.965 1.005 0.780 0.564 
4.125 0.970 0.993 1.008 0.635 
4.275 0.977 0.990 1.226 0.747 
4.425 0.979 0.982 1.321 0.870 
4.575 0.983 0.972 1.351 0.969 
4.725 0.986 0.958 1.351 1.049 
4.875 0.992 0.952 1.226 1.107 
5.025 0.999 0.954 1.188 1.090 
5.175 1.008 0.963 1.083 1.078 
5.325 1.010 0.978 0.959 1.059 
5.475 1.005 0.993 0.984 1.040 
5.625 0.988 1.005 0.870 0.995 
5.775 0.977 1.011 0.907 1.031 
5.925 0.974 1.010 0.920 1.016 
6.075 0.978 1.006 0.914 0.995 
6.225 0.985 1.002 0.971 0.938 
6.375 0.993 1.000 0.951 0.920 
6.525 1.002 0.999 0.989 0.917 
6.675 1.010 1.001 1.000 0.973 
6.825 1.017 1.003 1.022 1.014 
6.975 1.020 1.003 1.011 1.018 
7.125 1.020 1.004 1.009 1.014 
7.275 1.018 1.004 1.045 1.046 
7.425 1.014 1.005 1.022 1.042 
7.575 1.009 1.005 1.025 1.044 
7.725 1.004 1.003 0.987 1.009 
7.875 0.999 1.003 0.969 1.031 
8.025 0.993 1.001 1.013 0.972 
8.175 0.991 1.000 0.999 0.989 
8.325 0.989 0.999 1.007 0.991 
8.475 0.989 0.997 0.984 0.986 
8.625 0.991 0.996 1.003 0.994 
8.775 0.994 0.996 0.996 1.005 
8.925 0.997 0.996 0.992 1.000 
9.075 1.000 0.996 0.993 0.993 
9.225 1.002 0.998 0.994 0.981 
9.375 1.004 0.999 0.981 1.010 
9.525 1.005 1.000 1.001 0.989 
9.675 1.006 1.001 0.990 0.998 
9.825 1.005 1.001 1.011 1.009 
9.975 1.003 1.002 1.009 1.012 
10.125 1.003 1.002 0.987 1.033 
10.275 1.001 1.002 1.001 0.997 
10.425 1.000 1.002 0.995 0.976 
10.575 1.000 1.001 1.024 1.000 
10.725 0.999 1.001 0.996 0.996 
10.875 0.999 1.000 0.988 1.013 
11.025 0.999 1.000 1.018 0.995 
11.175 0.999 0.999 0.985 1.000 
11.325 1.000 0.999 0.992 1.010 
11.475 1.000 0.999 1.009 1.003 
11.625 1.001 0.999 0.987 1.001 
11.775 1.001 0.999 0.988 0.998 
11.925 1.000 0.999 1.004 0.998 
12.075 1.000 1.000 0.997 1.006 
12.225 1.001 1.000 1.007 0.995 
12.375 1.001 1.000 1.008 0.999 
12.525 1.000 1.000 1.009 1.005 
12.675 1.000 1.000 1.006 0.997 
12.825 1.000 1.000 1.003 1.000 
12.975 1.000 1.000 1.009 1.004 
13.125 1.000 1.000 0.997 0.997 
13.275 1.001 1.000 0.999 0.986 
13.425 1.001 1.000 1.000 0.982 
13.575 1.001 1.000 0.986 1.004 
13.725 1.000 1.000 1.014 1.010 
13.875 1.000 1.000 0.977 1.006 
14.025 1.001 1.000 0.995 0.994 
14.175 1.001 1.000 1.007 1.003 
14.325 1.001 1.000 0.991 1.001 
14.475 1.000 1.000 0.998 0.994 
14.625 1.001 1.000 1.005 0.998 
14.775 1.000 1.000 1.010 1.011 
14.925 1.000 1.000 0.991 1.006 
