-0.999991 0.229849 0.556776 0.251272
-0.933325 0.111355 0.483967 0.009994
-0.866659 0.115638 0.381177 0.014277
-0.799993 0.121349 0.394026 0.017132
-0.733327 0.171316 0.375467 0.022843
-0.666661 0.169888 0.405447 0.025698
-0.599995 0.192730 0.462552 0.032837
-0.533328 0.217000 0.459697 0.048541
-0.466662 0.226993 0.465407 0.059963
-0.399996 0.204151 0.493960 0.075667
-0.333330 0.228421 0.528223 0.112787
-0.266664 0.268395 0.552493 0.128491
-0.199998 0.301230 0.586756 0.141340
-0.133332 0.316934 0.582473 0.172749
-0.066666 0.426862 0.922249 0.209869
0.000000 0.683836 0.855150 0.762382
0.066667 0.445421 0.559631 0.284109
0.133333 0.493961 0.551065 0.266976
0.199999 0.522513 0.535361 0.365487
0.266665 0.578191 0.516802 0.374053
0.333331 0.643862 0.501098 0.475418
0.399997 0.715243 0.478256 0.509682
0.466663 0.796618 0.426861 0.625325
0.533329 0.840875 0.453986 0.719552
0.599995 0.880849 0.394026 0.900867
0.666662 0.913684 0.368329 0.993667
0.733328 1.015046 0.354052 1.296335
0.799994 0.979355 0.411157 1.569022
0.866660 1.059303 0.415440 1.937364
0.933326 1.129257 0.528223 2.596953
