-0.999992 0.222174 0.308184 0.253236
-0.933327 0.102726 0.274737 0.097950
-0.866661 0.105115 0.274737 0.114673
-0.799996 0.136171 0.303406 0.069281
-0.733331 0.193506 0.341630 0.109895
-0.666666 0.167228 0.370298 0.105117
-0.600000 0.226952 0.396578 0.117062
-0.533335 0.267564 0.461081 0.148119
-0.466670 0.262786 0.535141 0.169620
-0.400005 0.277120 0.549475 0.179176
-0.333339 0.327288 0.570976 0.155286
-0.266674 0.387013 0.594866 0.250847
-0.200009 0.398957 0.621146 0.248458
-0.133344 0.470626 0.611590 0.207844
-0.066679 0.654577 1.261403 0.520805
-0.000013 0.950809 1.175399 1.359350
0.066652 0.559018 0.723874 0.348796
0.133317 0.609186 0.613979 0.389410
0.199982 0.621131 0.611590 0.420467
0.266648 0.704745 0.570976 0.463469
0.333313 0.652188 0.551864 0.613977
0.399978 0.795526 0.518418 0.563808
0.466643 0.678467 0.496917 0.606810
0.533309 0.793137 0.451525 0.774041
0.599974 0.781192 0.398967 0.750151
0.666639 0.769247 0.322518 0.881547
0.733304 0.762080 0.315351 1.010554
0.799970 0.759691 0.269959 1.196897
0.866635 0.666522 0.181566 1.259011
0.933300 0.697578 0.322518 1.614975
