-0.999999 0.187085 0.220167 0.246883
-0.933338 0.031817 0.150171 0.025452
-0.866676 0.025454 0.188351 0.021634
-0.800015 0.044544 0.234166 0.017816
-0.733353 0.069998 0.295252 0.035633
-0.666692 0.057271 0.342340 0.019089
-0.600030 0.094179 0.421244 0.029270
-0.533369 0.106906 0.445424 0.033087
-0.466707 0.136178 0.561234 0.035633
-0.400046 0.156541 0.613412 0.047086
-0.333384 0.150177 0.612140 0.036905
-0.266723 0.207448 0.688498 0.062357
-0.200061 0.268537 0.673226 0.055994
-0.133400 0.296536 0.731768 0.062357
-0.066738 0.481076 1.286638 0.124714
-0.000077 0.907426 1.328636 1.175878
0.066585 0.496348 0.721587 0.143803
0.133246 0.548528 0.748312 0.145076
0.199908 0.605799 0.694861 0.161620
0.266569 0.739431 0.649046 0.234157
0.333231 0.809429 0.595595 0.346146
0.399892 0.817065 0.500147 0.402140
0.466554 0.913789 0.469604 0.517946
0.533215 0.972333 0.418698 0.596847
0.599877 1.023240 0.358884 0.754649
0.666538 1.027059 0.290162 1.002805
0.733200 1.032149 0.259618 1.448213
0.799861 1.016877 0.166716 1.837627
0.866523 0.916335 0.136172 2.294489
0.933184 0.861609 0.198532 3.084770
