0.000000 0.000000 0.000000 0.000000
1.254527 1.254527 1.254527 3.763581
2.055354 2.055354 2.055354 6.166062
2.686348 2.686348 2.686348 8.059044
3.340557 3.340557 3.340557 10.021671
3.942498 3.942498 3.942498 11.827495
4.521809 4.521809 4.521809 13.565427
4.959428 4.959428 4.959428 14.878285
5.313963 5.313963 5.313963 15.941889
5.569529 5.569529 5.569529 16.708588
5.892412 5.892412 5.892412 17.677235
6.176728 6.176728 6.176728 18.530184
6.419504 6.419504 6.419504 19.258513
6.692522 6.692522 6.692522 20.077566
6.907405 6.907405 6.907405 20.722215
6.975447 6.975447 6.975447 20.926342
7.034738 7.034738 7.034738 21.104213
7.156417 7.156417 7.156417 21.469252
7.247737 7.247737 7.247737 21.743211
7.328841 7.328841 7.328841 21.986522
7.382956 7.382956 7.382956 22.148867
7.392586 7.392586 7.392586 22.177757
7.474369 7.474369 7.474369 22.423107
7.543710 7.543710 7.543710 22.631129
7.556093 7.556093 7.556093 22.668280
7.522812 7.522812 7.522812 22.568435
7.394389 7.394389 7.394389 22.183166
7.302109 7.302109 7.302109 21.906327
7.117017 7.117017 7.117017 21.351051
6.882102 6.882102 6.882102 20.646305
6.755670 6.755670 6.755670 20.267010
6.613286 6.613286 6.613286 19.839858
6.429901 6.429901 6.429901 19.289703
6.293744 6.293744 6.293744 18.881231
6.130634 6.130634 6.130634 18.391901
6.033977 6.033977 6.033977 18.101931
5.898346 5.898346 5.898346 17.695039
5.776106 5.776106 5.776106 17.328318
5.776832 5.776832 5.776832 17.330496
5.733915 5.733915 5.733915 17.201745
5.651677 5.651677 5.651677 16.955030
5.754697 5.754697 5.754697 17.264090
5.806894 5.806894 5.806894 17.420681
5.934646 5.934646 5.934646 17.803939
6.031052 6.031052 6.031052 18.093155
6.229248 6.229248 6.229248 18.687744
6.543373 6.543373 6.543373 19.630119
6.728569 6.728569 6.728569 20.185706
6.900126 6.900126 6.900126 20.700377
7.112431 7.112431 7.112431 21.337292
7.362835 7.362835 7.362835 22.088505
7.622218 7.622218 7.622218 22.866654
7.802339 7.802339 7.802339 23.407017
8.062929 8.062929 8.062929 24.188788
8.208353 8.208353 8.208353 24.625060
8.392078 8.392078 8.392078 25.176233
8.489645 8.489645 8.489645 25.468934
8.644628 8.644628 8.644628 25.933884
8.768196 8.768196 8.768196 26.304587
8.856756 8.856756 8.856756 26.570268
8.854985 8.854985 8.854985 26.564955
8.836145 8.836145 8.836145 26.508434
8.933605 8.933605 8.933605 26.800816
8.871083 8.871083 8.871083 26.613249
8.744989 8.744989 8.744989 26.234968
8.653344 8.653344 8.653344 25.960032
8.510456 8.510456 8.510456 25.531368
8.373513 8.373513 8.373513 25.120539
8.222572 8.222572 8.222572 24.667716
8.129573 8.129573 8.129573 24.388718
8.010540 8.010540 8.010540 24.031619
7.868842 7.868842 7.868842 23.606525
7.774174 7.774174 7.774174 23.322521
7.567067 7.567067 7.567067 22.701201
7.412012 7.412012 7.412012 22.236036
7.284101 7.284101 7.284101 21.852302
7.060600 7.060600 7.060600 21.181799
6.924646 6.924646 6.924646 20.773938
6.822296 6.822296 6.822296 20.466887
6.852507 6.852507 6.852507 20.557522
6.929848 6.929848 6.929848 20.789545
7.082606 7.082606 7.082606 21.247818
7.220639 7.220639 7.220639 21.661917
7.313427 7.313427 7.313427 21.940282
7.461351 7.461351 7.461351 22.384052
7.555254 7.555254 7.555254 22.665761
7.778793 7.778793 7.778793 23.336380
8.021047 8.021047 8.021047 24.063142
8.279233 8.279233 8.279233 24.837700
8.427831 8.427831 8.427831 25.283494
8.585430 8.585430 8.585430 25.756291
8.873495 8.873495 8.873495 26.620486
9.007396 9.007396 9.007396 27.022187
9.150178 9.150178 9.150178 27.450534
9.199419 9.199419 9.199419 27.598258
9.197430 9.197430 9.197430 27.592289
9.141776 9.141776 9.141776 27.425327
9.218387 9.218387 9.218387 27.655162
9.261522 9.261522 9.261522 27.784567
9.352605 9.352605 9.352605 28.057815
9.411224 9.411224 9.411224 28.233673
9.527559 9.527559 9.527559 28.582677
9.598053 9.598053 9.598053 28.794158
9.542892 9.542892 9.542892 28.628676
9.530513 9.530513 9.530513 28.591539
9.459392 9.459392 9.459392 28.378175
9.453520 9.453520 9.453520 28.360561
9.411200 9.411200 9.411200 28.233601
9.377329 9.377329 9.377329 28.131988
9.387139 9.387139 9.387139 28.161416
9.334933 9.334933 9.334933 28.004799
9.258545 9.258545 9.258545 27.775635
9.158636 9.158636 9.158636 27.475909
9.049750 9.049750 9.049750 27.149249
8.949468 8.949468 8.949468 26.848404
8.756522 8.756522 8.756522 26.269567
8.582858 8.582858 8.582858 25.748574
8.502793 8.502793 8.502793 25.508380
8.341800 8.341800 8.341800 25.025399
8.215275 8.215275 8.215275 24.645824
8.183749 8.183749 8.183749 24.551248
8.163762 8.163762 8.163762 24.491285
8.081949 8.081949 8.081949 24.245847
8.131609 8.131609 8.131609 24.394828
8.306409 8.306409 8.306409 24.919227
8.350543 8.350543 8.350543 25.051628
8.454864 8.454864 8.454864 25.364592
8.582635 8.582635 8.582635 25.747904
8.618349 8.618349 8.618349 25.855048
8.676408 8.676408 8.676408 26.029223
8.758386 8.758386 8.758386 26.275159
8.858592 8.858592 8.858592 26.575777
8.921702 8.921702 8.921702 26.765107
8.994134 8.994134 8.994134 26.982401
9.129699 9.129699 9.129699 27.389097
9.257568 9.257568 9.257568 27.772704
9.388548 9.388548 9.388548 28.165645
9.456832 9.456832 9.456832 28.370497
9.621065 9.621065 9.621065 28.863196
9.757794 9.757794 9.757794 29.273382
9.812499 9.812499 9.812499 29.437497
9.922267 9.922267 9.922267 29.766800
10.045638 10.045638 10.045638 30.136914
10.169815 10.169815 10.169815 30.509445
10.167052 10.167052 10.167052 30.501155
10.177741 10.177741 10.177741 30.533222
10.063589 10.063589 10.063589 30.190768
9.925741 9.925741 9.925741 29.777224
9.788307 9.788307 9.788307 29.364921
9.628360 9.628360 9.628360 28.885079
9.465314 9.465314 9.465314 28.395941
9.242033 9.242033 9.242033 27.726098
9.094875 9.094875 9.094875 27.284624
8.951340 8.951340 8.951340 26.854020
8.773209 8.773209 8.773209 26.319626
8.540975 8.540975 8.540975 25.622924
8.411048 8.411048 8.411048 25.233145
8.343595 8.343595 8.343595 25.030786
8.261816 8.261816 8.261816 24.785449
8.163003 8.163003 8.163003 24.489008
8.154092 8.154092 8.154092 24.462276
8.103305 8.103305 8.103305 24.309916
8.107187 8.107187 8.107187 24.321561
8.065199 8.065199 8.065199 24.195596
8.146902 8.146902 8.146902 24.440706
8.261107 8.261107 8.261107 24.783320
8.353161 8.353161 8.353161 25.059484
8.436979 8.436979 8.436979 25.310937
8.509881 8.509881 8.509881 25.529642
8.610763 8.610763 8.610763 25.832290
8.653019 8.653019 8.653019 25.959058
8.786577 8.786577 8.786577 26.359731
8.829200 8.829200 8.829200 26.487599
8.935535 8.935535 8.935535 26.806605
9.033923 9.033923 9.033923 27.101770
9.170906 9.170906 9.170906 27.512719
9.328410 9.328410 9.328410 27.985231
9.470143 9.470143 9.470143 28.410428
9.635224 9.635224 9.635224 28.905673
9.781853 9.781853 9.781853 29.345560
9.937438 9.937438 9.937438 29.812313
10.033738 10.033738 10.033738 30.101215
10.117847 10.117847 10.117847 30.353541
10.172279 10.172279 10.172279 30.516837
10.213639 10.213639 10.213639 30.640917
10.245048 10.245048 10.245048 30.735145
10.221310 10.221310 10.221310 30.663930
10.203110 10.203110 10.203110 30.609331
10.211596 10.211596 10.211596 30.634789
10.127420 10.127420 10.127420 30.382260
10.063120 10.063120 10.063120 30.189359
9.968752 9.968752 9.968752 29.906257
9.852737 9.852737 9.852737 29.558211
9.720736 9.720736 9.720736 29.162207
9.566736 9.566736 9.566736 28.700208
9.388740 9.388740 9.388740 28.166221
9.194160 9.194160 9.194160 27.582479
8.975426 8.975426 8.975426 26.926279
8.768612 8.768612 8.768612 26.305837
8.570491 8.570491 8.570491 25.711473
8.475789 8.475789 8.475789 25.427367
8.452746 8.452746 8.452746 25.358238
8.538136 8.538136 8.538136 25.614408
8.601881 8.601881 8.601881 25.805643
8.648375 8.648375 8.648375 25.945125
8.673040 8.673040 8.673040 26.019119
8.789827 8.789827 8.789827 26.369481
8.817168 8.817168 8.817168 26.451505
8.840226 8.840226 8.840226 26.520679
8.940380 8.940380 8.940380 26.821141
9.102850 9.102850 9.102850 27.308550
9.174405 9.174405 9.174405 27.523216
9.312112 9.312112 9.312112 27.936335
9.455337 9.455337 9.455337 28.366011
9.626200 9.626200 9.626200 28.878601
9.740761 9.740761 9.740761 29.222284
9.929658 9.929658 9.929658 29.788974
10.144748 10.144748 10.144748 30.434244
10.300132 10.300132 10.300132 30.900395
10.396336 10.396336 10.396336 31.189007
10.517961 10.517961 10.517961 31.553882
10.621968 10.621968 10.621968 31.865903
10.718524 10.718524 10.718524 32.155571
10.738688 10.738688 10.738688 32.216065
10.784515 10.784515 10.784515 32.353546
10.815507 10.815507 10.815507 32.446521
10.789434 10.789434 10.789434 32.368302
10.753258 10.753258 10.753258 32.259773
10.692075 10.692075 10.692075 32.076226
10.651873 10.651873 10.651873 31.955618
10.588729 10.588729 10.588729 31.766188
10.477347 10.477347 10.477347 31.432040
10.371477 10.371477 10.371477 31.114432
10.253459 10.253459 10.253459 30.760377
10.100310 10.100310 10.100310 30.300930
9.930054 9.930054 9.930054 29.790162
9.749700 9.749700 9.749700 29.249099
9.581591 9.581591 9.581591 28.744774
9.424927 9.424927 9.424927 28.274781
9.375331 9.375331 9.375331 28.125994
9.318224 9.318224 9.318224 27.954671
9.209357 9.209357 9.209357 27.628072
9.167243 9.167243 9.167243 27.501729
9.106141 9.106141 9.106141 27.318424
9.002019 9.002019 9.002019 27.006056
8.915608 8.915608 8.915608 26.746824
8.901993 8.901993 8.901993 26.705980
8.877872 8.877872 8.877872 26.633616
8.882431 8.882431 8.882431 26.647293
8.951544 8.951544 8.951544 26.854633
9.037729 9.037729 9.037729 27.113187
9.139904 9.139904 9.139904 27.419712
9.288649 9.288649 9.288649 27.865948
9.451665 9.451665 9.451665 28.354994
9.603765 9.603765 9.603765 28.811295
9.787305 9.787305 9.787305 29.361916
9.917068 9.917068 9.917068 29.751204
10.077448 10.077448 10.077448 30.232345
10.218234 10.218234 10.218234 30.654702
10.335555 10.335555 10.335555 31.006665
10.486860 10.486860 10.486860 31.460579
10.619758 10.619758 10.619758 31.859274
10.726157 10.726157 10.726157 32.178470
10.837233 10.837233 10.837233 32.511700
10.923967 10.923967 10.923967 32.771900
11.001130 11.001130 11.001130 33.003390
11.056696 11.056696 11.056696 33.170087
11.087439 11.087439 11.087439 33.262317
11.061652 11.061652 11.061652 33.184957
10.999387 10.999387 10.999387 32.998162
10.931955 10.931955 10.931955 32.795864
10.830231 10.830231 10.830231 32.490692
10.713570 10.713570 10.713570 32.140710
10.575068 10.575068 10.575068 31.725205
10.365963 10.365963 10.365963 31.097890
10.187141 10.187141 10.187141 30.561422
10.022244 10.022244 10.022244 30.066732
9.823041 9.823041 9.823041 29.469123
9.597878 9.597878 9.597878 28.793633
9.488892 9.488892 9.488892 28.466676
9.368105 9.368105 9.368105 28.104314
9.291107 9.291107 9.291107 27.873320
9.163546 9.163546 9.163546 27.490639
9.050305 9.050305 9.050305 27.150916
8.963010 8.963010 8.963010 26.889031
8.863987 8.863987 8.863987 26.591960
8.798776 8.798776 8.798776 26.396327
8.813494 8.813494 8.813494 26.440482
8.842071 8.842071 8.842071 26.526212
8.955341 8.955341 8.955341 26.866023
9.012764 9.012764 9.012764 27.038293
9.056346 9.056346 9.056346 27.169038
9.128341 9.128341 9.128341 27.385022
9.222834 9.222834 9.222834 27.668503
9.312687 9.312687 9.312687 27.938061
9.387240 9.387240 9.387240 28.161719
9.545965 9.545965 9.545965 28.637895
9.721908 9.721908 9.721908 29.165725
9.882168 9.882168 9.882168 29.646505
10.104411 10.104411 10.104411 30.313234
10.278982 10.278982 10.278982 30.836945
10.436333 10.436333 10.436333 31.308998
10.559248 10.559248 10.559248 31.677743
10.671262 10.671262 10.671262 32.013787
10.753285 10.753285 10.753285 32.259854
10.819427 10.819427 10.819427 32.458280
10.814888 10.814888 10.814888 32.444665
10.831141 10.831141 10.831141 32.493424
10.803785 10.803785 10.803785 32.411355
10.754585 10.754585 10.754585 32.263754
10.692152 10.692152 10.692152 32.076455
10.602155 10.602155 10.602155 31.806465
10.488235 10.488235 10.488235 31.464704
10.344165 10.344165 10.344165 31.032495
10.184913 10.184913 10.184913 30.554739
10.016628 10.016628 10.016628 30.049883
9.884181 9.884181 9.884181 29.652543
9.789155 9.789155 9.789155 29.367465
9.662955 9.662955 9.662955 28.988866
9.539935 9.539935 9.539935 28.619805
9.403759 9.403759 9.403759 28.211278
9.228920 9.228920 9.228920 27.686761
9.044840 9.044840 9.044840 27.134519
8.865470 8.865470 8.865470 26.596410
8.725985 8.725985 8.725985 26.177954
8.576336 8.576336 8.576336 25.729007
8.410208 8.410208 8.410208 25.230625
8.277969 8.277969 8.277969 24.833908
8.163591 8.163591 8.163591 24.490772
8.111300 8.111300 8.111300 24.333900
8.000119 8.000119 8.000119 24.000357
8.013415 8.013415 8.013415 24.040244
8.015085 8.015085 8.015085 24.045256
8.143722 8.143722 8.143722 24.431166
8.310146 8.310146 8.310146 24.930437
8.420716 8.420716 8.420716 25.262149
8.620015 8.620015 8.620015 25.860044
8.800058 8.800058 8.800058 26.400175
8.965793 8.965793 8.965793 26.897379
9.099587 9.099587 9.099587 27.298760
9.277273 9.277273 9.277273 27.831818
9.443869 9.443869 9.443869 28.331606
9.587940 9.587940 9.587940 28.763819
9.717926 9.717926 9.717926 29.153778
9.811519 9.811519 9.811519 29.434556
9.911974 9.911974 9.911974 29.735921
9.946570 9.946570 9.946570 29.839710
9.955155 9.955155 9.955155 29.865465
9.941247 9.941247 9.941247 29.823740
9.913064 9.913064 9.913064 29.739193
9.873231 9.873231 9.873231 29.619694
9.824663 9.824663 9.824663 29.473989
9.750431 9.750431 9.750431 29.251293
9.649139 9.649139 9.649139 28.947416
9.510503 9.510503 9.510503 28.531509
9.363950 9.363950 9.363950 28.091850
9.202907 9.202907 9.202907 27.608721
9.077522 9.077522 9.077522 27.232565
8.924980 8.924980 8.924980 26.774941
8.752230 8.752230 8.752230 26.256690
8.650709 8.650709 8.650709 25.952128
8.520147 8.520147 8.520147 25.560440
8.425262 8.425262 8.425262 25.275786
8.356944 8.356944 8.356944 25.070831
8.181515 8.181515 8.181515 24.544544
8.187196 8.187196 8.187196 24.561589
8.137466 8.137466 8.137466 24.412398
8.026882 8.026882 8.026882 24.080646
7.913508 7.913508 7.913508 23.740523
7.819970 7.819970 7.819970 23.459911
7.718008 7.718008 7.718008 23.154023
7.657180 7.657180 7.657180 22.971539
7.630201 7.630201 7.630201 22.890602
7.689346 7.689346 7.689346 23.068039
7.701514 7.701514 7.701514 23.104542
7.819244 7.819244 7.819244 23.457732
7.989890 7.989890 7.989890 23.969669
8.145309 8.145309 8.145309 24.435928
8.284823 8.284823 8.284823 24.854469
8.405640 8.405640 8.405640 25.216919
8.457784 8.457784 8.457784 25.373351
8.533592 8.533592 8.533592 25.600775
8.705797 8.705797 8.705797 26.117392
8.873631 8.873631 8.873631 26.620892
9.026347 9.026347 9.026347 27.079040
9.153622 9.153622 9.153622 27.460865
9.252689 9.252689 9.252689 27.758068
9.329732 9.329732 9.329732 27.989196
9.407827 9.407827 9.407827 28.223480
9.416892 9.416892 9.416892 28.250677
9.406192 9.406192 9.406192 28.218576
9.366882 9.366882 9.366882 28.100646
9.363879 9.363879 9.363879 28.091638
9.345114 9.345114 9.345114 28.035341
9.289505 9.289505 9.289505 27.868516
9.228862 9.228862 9.228862 27.686585
9.083002 9.083002 9.083002 27.249006
8.950544 8.950544 8.950544 26.851631
8.703800 8.703800 8.703800 26.111399
8.460555 8.460555 8.460555 25.381664
8.219649 8.219649 8.219649 24.658948
8.012529 8.012529 8.012529 24.037587
7.831355 7.831355 7.831355 23.494066
7.623571 7.623571 7.623571 22.870712
7.503902 7.503902 7.503902 22.511706
7.353807 7.353807 7.353807 22.061421
7.079809 7.079809 7.079809 21.239428
6.840722 6.840722 6.840722 20.522167
6.685632 6.685632 6.685632 20.056896
6.539380 6.539380 6.539380 19.618139
6.613470 6.613470 6.613470 19.840410
6.728200 6.728200 6.728200 20.184599
6.827418 6.827418 6.827418 20.482254
6.971550 6.971550 6.971550 20.914649
7.154402 7.154402 7.154402 21.463206
7.268964 7.268964 7.268964 21.806893
7.436134 7.436134 7.436134 22.308402
7.588652 7.588652 7.588652 22.765955
7.728126 7.728126 7.728126 23.184379
7.789644 7.789644 7.789644 23.368932
7.849253 7.849253 7.849253 23.547759
7.944721 7.944721 7.944721 23.834162
8.025878 8.025878 8.025878 24.077633
8.138790 8.138790 8.138790 24.416371
8.175244 8.175244 8.175244 24.525731
8.228205 8.228205 8.228205 24.684615
8.369034 8.369034 8.369034 25.107103
8.524374 8.524374 8.524374 25.573123
8.604559 8.604559 8.604559 25.813676
8.684490 8.684490 8.684490 26.053470
8.732998 8.732998 8.732998 26.198993
8.749764 8.749764 8.749764 26.249291
8.787682 8.787682 8.787682 26.363045
8.795134 8.795134 8.795134 26.385403
8.771746 8.771746 8.771746 26.315239
8.733389 8.733389 8.733389 26.200168
8.674978 8.674978 8.674978 26.024935
8.580333 8.580333 8.580333 25.740999
8.460634 8.460634 8.460634 25.381902
8.315971 8.315971 8.315971 24.947913
8.149649 8.149649 8.149649 24.448946
7.927747 7.927747 7.927747 23.783241
7.686754 7.686754 7.686754 23.060262
7.499672 7.499672 7.499672 22.499015
7.351269 7.351269 7.351269 22.053808
7.242682 7.242682 7.242682 21.728046
7.106825 7.106825 7.106825 21.320476
7.016171 7.016171 7.016171 21.048512
6.918308 6.918308 6.918308 20.754925
6.862706 6.862706 6.862706 20.588119
6.841238 6.841238 6.841238 20.523715
6.902819 6.902819 6.902819 20.708458
7.048300 7.048300 7.048300 21.144899
7.248875 7.248875 7.248875 21.746625
7.430194 7.430194 7.430194 22.290583
7.594118 7.594118 7.594118 22.782355
7.746522 7.746522 7.746522 23.239567
7.825738 7.825738 7.825738 23.477214
7.945638 7.945638 7.945638 23.836915
8.044125 8.044125 8.044125 24.132375
8.127819 8.127819 8.127819 24.383458
8.189295 8.189295 8.189295 24.567886
8.308129 8.308129 8.308129 24.924387
8.346602 8.346602 8.346602 25.039805
8.444009 8.444009 8.444009 25.332027
8.591650 8.591650 8.591650 25.774951
8.658839 8.658839 8.658839 25.976516
8.742937 8.742937 8.742937 26.228812
8.792916 8.792916 8.792916 26.378747
8.727877 8.727877 8.727877 26.183630
8.680531 8.680531 8.680531 26.041593
8.724455 8.724455 8.724455 26.173364
8.753843 8.753843 8.753843 26.261528
8.759513 8.759513 8.759513 26.278538
8.762391 8.762391 8.762391 26.287174
8.870576 8.870576 8.870576 26.611729
8.890516 8.890516 8.890516 26.671547
8.769027 8.769027 8.769027 26.307081
8.765908 8.765908 8.765908 26.297724
8.551653 8.551653 8.551653 25.654960
8.469410 8.469410 8.469410 25.408229
8.417923 8.417923 8.417923 25.253770
8.286864 8.286864 8.286864 24.860593
8.077427 8.077427 8.077427 24.232282
7.837049 7.837049 7.837049 23.511146
7.566487 7.566487 7.566487 22.699460
7.205450 7.205450 7.205450 21.616350
7.064852 7.064852 7.064852 21.194556
6.981701 6.981701 6.981701 20.945103
6.891686 6.891686 6.891686 20.675059
6.846588 6.846588 6.846588 20.539765
6.903150 6.903150 6.903150 20.709451
7.016659 7.016659 7.016659 21.049978
7.130163 7.130163 7.130163 21.390490
7.347054 7.347054 7.347054 22.041163
7.547562 7.547562 7.547562 22.642685
7.737825 7.737825 7.737825 23.213474
7.965216 7.965216 7.965216 23.895647
8.121188 8.121188 8.121188 24.363565
8.249280 8.249280 8.249280 24.747839
8.487567 8.487567 8.487567 25.462701
8.703619 8.703619 8.703619 26.110856
8.834005 8.834005 8.834005 26.502016
8.944705 8.944705 8.944705 26.834114
9.093238 9.093238 9.093238 27.279714
9.180775 9.180775 9.180775 27.542326
9.130948 9.130948 9.130948 27.392844
9.120077 9.120077 9.120077 27.360232
9.226792 9.226792 9.226792 27.680377
9.319256 9.319256 9.319256 27.957768
9.520274 9.520274 9.520274 28.560822
9.632017 9.632017 9.632017 28.896052
9.788705 9.788705 9.788705 29.366116
9.979010 9.979010 9.979010 29.937031
10.085413 10.085413 10.085413 30.256238
10.091913 10.091913 10.091913 30.275740
10.088931 10.088931 10.088931 30.266792
9.938940 9.938940 9.938940 29.816821
9.770157 9.770157 9.770157 29.310472
9.626801 9.626801 9.626801 28.880404
9.539484 9.539484 9.539484 28.618451
9.380908 9.380908 9.380908 28.142724
9.193707 9.193707 9.193707 27.581121
9.040724 9.040724 9.040724 27.122171
8.905187 8.905187 8.905187 26.715562
8.752552 8.752552 8.752552 26.257655
8.595762 8.595762 8.595762 25.787287
8.358106 8.358106 8.358106 25.074317
8.170938 8.170938 8.170938 24.512815
8.129580 8.129580 8.129580 24.388740
8.072181 8.072181 8.072181 24.216543
8.031036 8.031036 8.031036 24.093109
8.111606 8.111606 8.111606 24.334817
8.189525 8.189525 8.189525 24.568574
8.302142 8.302142 8.302142 24.906425
8.393452 8.393452 8.393452 25.180356
8.468439 8.468439 8.468439 25.405316
8.521129 8.521129 8.521129 25.563388
8.564207 8.564207 8.564207 25.692622
8.652899 8.652899 8.652899 25.958696
8.720926 8.720926 8.720926 26.162777
8.844982 8.844982 8.844982 26.534945
8.959368 8.959368 8.959368 26.878103
9.117627 9.117627 9.117627 27.352882
9.257139 9.257139 9.257139 27.771418
9.455263 9.455263 9.455263 28.365788
9.497195 9.497195 9.497195 28.491586
9.591759 9.591759 9.591759 28.775276
9.670912 9.670912 9.670912 29.012737
9.731594 9.731594 9.731594 29.194782
9.853824 9.853824 9.853824 29.561472
9.862990 9.862990 9.862990 29.588971
9.912655 9.912655 9.912655 29.737965
9.947607 9.947607 9.947607 29.842822
9.935847 9.935847 9.935847 29.807542
9.918699 9.918699 9.918699 29.756098
9.796749 9.796749 9.796749 29.390246
9.728016 9.728016 9.728016 29.184049
9.641383 9.641383 9.641383 28.924150
9.539535 9.539535 9.539535 28.618606
9.427191 9.427191 9.427191 28.281573
9.341982 9.341982 9.341982 28.025945
9.240098 9.240098 9.240098 27.720294
9.115952 9.115952 9.115952 27.347856
8.966267 8.966267 8.966267 26.898801
8.927732 8.927732 8.927732 26.783196
8.784087 8.784087 8.784087 26.352262
8.678289 8.678289 8.678289 26.034868
8.636215 8.636215 8.636215 25.908645
8.438453 8.438453 8.438453 25.315360
8.368308 8.368308 8.368308 25.104923
8.281457 8.281457 8.281457 24.844371
8.267575 8.267575 8.267575 24.802724
8.236490 8.236490 8.236490 24.709470
8.345776 8.345776 8.345776 25.037329
8.419165 8.419165 8.419165 25.257496
8.570126 8.570126 8.570126 25.710378
8.633131 8.633131 8.633131 25.899394
8.755590 8.755590 8.755590 26.266770
8.935106 8.935106 8.935106 26.805318
9.028331 9.028331 9.028331 27.084993
9.256164 9.256164 9.256164 27.768492
9.237682 9.237682 9.237682 27.713045
9.348735 9.348735 9.348735 28.046204
9.520331 9.520331 9.520331 28.560993
9.602489 9.602489 9.602489 28.807467
9.808596 9.808596 9.808596 29.425789
9.927782 9.927782 9.927782 29.783345
10.054557 10.054557 10.054557 30.163671
10.233317 10.233317 10.233317 30.699952
10.397993 10.397993 10.397993 31.193978
10.531159 10.531159 10.531159 31.593477
10.632121 10.632121 10.632121 31.896363
10.721064 10.721064 10.721064 32.163191
10.790220 10.790220 10.790220 32.370660
10.811663 10.811663 10.811663 32.434990
10.733497 10.733497 10.733497 32.200491
10.728497 10.728497 10.728497 32.185490
10.703307 10.703307 10.703307 32.109922
10.662812 10.662812 10.662812 31.988437
10.588606 10.588606 10.588606 31.765817
10.489662 10.489662 10.489662 31.468986
10.382975 10.382975 10.382975 31.148926
10.170875 10.170875 10.170875 30.512624
9.925217 9.925217 9.925217 29.775651
9.671356 9.671356 9.671356 29.014067
9.398456 9.398456 9.398456 28.195367
9.168492 9.168492 9.168492 27.505477
9.059125 9.059125 9.059125 27.177374
9.185032 9.185032 9.185032 27.555095
9.289542 9.289542 9.289542 27.868626
9.379256 9.379256 9.379256 28.137767
9.359791 9.359791 9.359791 28.079374
9.400492 9.400492 9.400492 28.201477
9.409430 9.409430 9.409430 28.228289
9.437486 9.437486 9.437486 28.312458
9.466262 9.466262 9.466262 28.398786
9.546202 9.546202 9.546202 28.638606
9.688445 9.688445 9.688445 29.065334
9.734753 9.734753 9.734753 29.204258
9.743914 9.743914 9.743914 29.231742
9.755056 9.755056 9.755056 29.265167
9.736342 9.736342 9.736342 29.209027
9.696500 9.696500 9.696500 29.089500
9.633235 9.633235 9.633235 28.899705
9.637908 9.637908 9.637908 28.913724
9.662276 9.662276 9.662276 28.986827
9.756106 9.756106 9.756106 29.268318
9.920277 9.920277 9.920277 29.760831
10.069444 10.069444 10.069444 30.208331
10.144943 10.144943 10.144943 30.434828
10.241333 10.241333 10.241333 30.723998
10.338881 10.338881 10.338881 31.016643
10.402299 10.402299 10.402299 31.206898
10.436296 10.436296 10.436296 31.308887
10.467893 10.467893 10.467893 31.403680
10.479641 10.479641 10.479641 31.438923
10.468897 10.468897 10.468897 31.406690
10.431560 10.431560 10.431560 31.294681
10.388084 10.388084 10.388084 31.164253
10.339230 10.339230 10.339230 31.017689
10.260162 10.260162 10.260162 30.780487
10.152979 10.152979 10.152979 30.458938
10.034636 10.034636 10.034636 30.103907
9.911475 9.911475 9.911475 29.734425
9.762422 9.762422 9.762422 29.287265
9.677878 9.677878 9.677878 29.033633
9.594339 9.594339 9.594339 28.783017
9.504910 9.504910 9.504910 28.514731
9.398458 9.398458 9.398458 28.195373
9.337937 9.337937 9.337937 28.013811
9.412136 9.412136 9.412136 28.236408
9.490394 9.490394 9.490394 28.471182
9.545990 9.545990 9.545990 28.637971
9.571207 9.571207 9.571207 28.713622
9.591714 9.591714 9.591714 28.775143
9.594237 9.594237 9.594237 28.782711
9.676707 9.676707 9.676707 29.030121
9.746836 9.746836 9.746836 29.240507
9.788711 9.788711 9.788711 29.366132
9.796504 9.796504 9.796504 29.389512
9.800500 9.800500 9.800500 29.401499
9.793818 9.793818 9.793818 29.381455
9.851687 9.851687 9.851687 29.555060
9.912804 9.912804 9.912804 29.738412
9.962160 9.962160 9.962160 29.886479
9.993931 9.993931 9.993931 29.981792
10.018982 10.018982 10.018982 30.056945
10.141881 10.141881 10.141881 30.425644
10.224713 10.224713 10.224713 30.674140
10.280238 10.280238 10.280238 30.840714
10.316213 10.316213 10.316213 30.948638
10.419302 10.419302 10.419302 31.257907
10.505766 10.505766 10.505766 31.517298
10.559148 10.559148 10.559148 31.677443
10.594107 10.594107 10.594107 31.782322
10.615863 10.615863 10.615863 31.847590
10.630307 10.630307 10.630307 31.890921
10.627825 10.627825 10.627825 31.883476
10.608698 10.608698 10.608698 31.826093
10.580739 10.580739 10.580739 31.742218
10.524538 10.524538 10.524538 31.573615
10.453238 10.453238 10.453238 31.359713
10.365849 10.365849 10.365849 31.097546
10.258976 10.258976 10.258976 30.776928
10.112777 10.112777 10.112777 30.338331
9.946149 9.946149 9.946149 29.838446
9.859176 9.859176 9.859176 29.577529
9.853072 9.853072 9.853072 29.559216
9.808327 9.808327 9.808327 29.424981
9.742683 9.742683 9.742683 29.228050
9.651544 9.651544 9.651544 28.954632
9.581017 9.581017 9.581017 28.743052
9.483448 9.483448 9.483448 28.450344
9.482692 9.482692 9.482692 28.448077
9.564536 9.564536 9.564536 28.693609
9.619980 9.619980 9.619980 28.859940
9.690647 9.690647 9.690647 29.071940
9.746167 9.746167 9.746167 29.238502
9.788865 9.788865 9.788865 29.366595
9.819241 9.819241 9.819241 29.457722
9.852363 9.852363 9.852363 29.557090
9.858450 9.858450 9.858450 29.575349
9.848596 9.848596 9.848596 29.545789
9.814728 9.814728 9.814728 29.444183
9.873834 9.873834 9.873834 29.621501
9.899819 9.899819 9.899819 29.699458
9.906199 9.906199 9.906199 29.718598
10.000360 10.000360 10.000360 30.001080
10.077084 10.077084 10.077084 30.231251
10.137606 10.137606 10.137606 30.412817
10.192831 10.192831 10.192831 30.578494
10.339998 10.339998 10.339998 31.019995
10.464212 10.464212 10.464212 31.392637
10.575360 10.575360 10.575360 31.726080
10.667453 10.667453 10.667453 32.002358
10.759885 10.759885 10.759885 32.279656
10.821707 10.821707 10.821707 32.465121
10.858946 10.858946 10.858946 32.576839
10.881496 10.881496 10.881496 32.644489
10.882856 10.882856 10.882856 32.648567
10.863935 10.863935 10.863935 32.591806
10.811220 10.811220 10.811220 32.433660
10.727292 10.727292 10.727292 32.181876
10.641493 10.641493 10.641493 31.924478
10.526537 10.526537 10.526537 31.579610
10.410597 10.410597 10.410597 31.231790
10.262871 10.262871 10.262871 30.788613
10.085721 10.085721 10.085721 30.257163
9.994590 9.994590 9.994590 29.983771
9.911771 9.911771 9.911771 29.735314
9.941153 9.941153 9.941153 29.823458
9.955393 9.955393 9.955393 29.866179
9.917228 9.917228 9.917228 29.751684
9.871286 9.871286 9.871286 29.613859
9.795259 9.795259 9.795259 29.385776
9.709767 9.709767 9.709767 29.129300
9.600099 9.600099 9.600099 28.800297
9.482011 9.482011 9.482011 28.446033
9.360137 9.360137 9.360137 28.080412
9.321113 9.321113 9.321113 27.963340
9.262896 9.262896 9.262896 27.788687
9.333400 9.333400 9.333400 28.000201
9.405347 9.405347 9.405347 28.216040
9.454474 9.454474 9.454474 28.363422
9.498615 9.498615 9.498615 28.495846
9.538628 9.538628 9.538628 28.615883
9.566204 9.566204 9.566204 28.698611
9.699598 9.699598 9.699598 29.098793
9.929374 9.929374 9.929374 29.788122
10.139686 10.139686 10.139686 30.419057
10.348003 10.348003 10.348003 31.044008
10.515413 10.515413 10.515413 31.546238
10.669415 10.669415 10.669415 32.008246
10.796727 10.796727 10.796727 32.390181
10.912628 10.912628 10.912628 32.737884
11.012014 11.012014 11.012014 33.036042
11.071777 11.071777 11.071777 33.215330
11.128019 11.128019 11.128019 33.384058
11.155491 11.155491 11.155491 33.466472
11.168504 11.168504 11.168504 33.505513
11.166126 11.166126 11.166126 33.498379
11.129527 11.129527 11.129527 33.388580
11.059871 11.059871 11.059871 33.179613
10.991450 10.991450 10.991450 32.974350
10.895421 10.895421 10.895421 32.686264
10.788138 10.788138 10.788138 32.364414
10.636494 10.636494 10.636494 31.909482
10.462007 10.462007 10.462007 31.386022
10.281562 10.281562 10.281562 30.844686
10.085026 10.085026 10.085026 30.255078
9.876734 9.876734 9.876734 29.630202
9.651109 9.651109 9.651109 28.953327
9.568706 9.568706 9.568706 28.706119
9.452487 9.452487 9.452487 28.357462
9.357132 9.357132 9.357132 28.071397
9.237973 9.237973 9.237973 27.713918
9.098490 9.098490 9.098490 27.295469
8.956773 8.956773 8.956773 26.870320
8.783011 8.783011 8.783011 26.349034
8.736429 8.736429 8.736429 26.209286
8.670037 8.670037 8.670037 26.010111
8.605635 8.605635 8.605635 25.816906
8.658021 8.658021 8.658021 25.974062
8.685591 8.685591 8.685591 26.056773
8.840774 8.840774 8.840774 26.522323
9.127574 9.127574 9.127574 27.382723
9.415762 9.415762 9.415762 28.247286
9.687027 9.687027 9.687027 29.061082
9.920291 9.920291 9.920291 29.760873
10.154055 10.154055 10.154055 30.462164
10.369550 10.369550 10.369550 31.108649
10.567513 10.567513 10.567513 31.702538
10.741640 10.741640 10.741640 32.224921
10.883969 10.883969 10.883969 32.651906
10.980362 10.980362 10.980362 32.941086
11.064163 11.064163 11.064163 33.192488
11.135693 11.135693 11.135693 33.407080
11.185789 11.185789 11.185789 33.557367
11.206180 11.206180 11.206180 33.618541
11.214035 11.214035 11.214035 33.642105
11.195231 11.195231 11.195231 33.585693
11.158525 11.158525 11.158525 33.475574
11.115753 11.115753 11.115753 33.347258
11.060754 11.060754 11.060754 33.182261
10.971672 10.971672 10.971672 32.915015
10.847031 10.847031 10.847031 32.541093
10.714468 10.714468 10.714468 32.143405
10.574010 10.574010 10.574010 31.722029
10.418307 10.418307 10.418307 31.254921
10.243330 10.243330 10.243330 30.729991
10.045021 10.045021 10.045021 30.135064
9.833635 9.833635 9.833635 29.500905
9.598509 9.598509 9.598509 28.795526
9.338678 9.338678 9.338678 28.016035
9.109950 9.109950 9.109950 27.329851
8.858538 8.858538 8.858538 26.575613
8.765052 8.765052 8.765052 26.295156
8.633783 8.633783 8.633783 25.901349
8.484014 8.484014 8.484014 25.452041
8.310977 8.310977 8.310977 24.932931
8.143851 8.143851 8.143851 24.431552
8.146923 8.146923 8.146923 24.440770
8.141329 8.141329 8.141329 24.423988
8.148790 8.148790 8.148790 24.446371
8.127813 8.127813 8.127813 24.383440
8.091273 8.091273 8.091273 24.273819
8.375802 8.375802 8.375802 25.127406
8.646443 8.646443 8.646443 25.939329
8.896932 8.896932 8.896932 26.690796
9.101612 9.101612 9.101612 27.304835
9.287003 9.287003 9.287003 27.861008
9.474399 9.474399 9.474399 28.423196
9.639393 9.639393 9.639393 28.918178
9.787604 9.787604 9.787604 29.362811
9.913999 9.913999 9.913999 29.741998
10.026611 10.026611 10.026611 30.079834
10.105283 10.105283 10.105283 30.315850
10.158555 10.158555 10.158555 30.475665
10.235538 10.235538 10.235538 30.706613
10.274989 10.274989 10.274989 30.824966
10.320634 10.320634 10.320634 30.961903
10.331334 10.331334 10.331334 30.994002
10.295422 10.295422 10.295422 30.886267
10.272481 10.272481 10.272481 30.817443
10.253392 10.253392 10.253392 30.760177
10.179715 10.179715 10.179715 30.539145
10.043875 10.043875 10.043875 30.131625
9.883136 9.883136 9.883136 29.649408
9.691310 9.691310 9.691310 29.073930
9.448781 9.448781 9.448781 28.346343
9.154048 9.154048 9.154048 27.462144
8.879659 8.879659 8.879659 26.638978
8.589638 8.589638 8.589638 25.768914
8.504340 8.504340 8.504340 25.513020
8.419873 8.419873 8.419873 25.259619
8.370123 8.370123 8.370123 25.110369
8.297133 8.297133 8.297133 24.891398
8.213470 8.213470 8.213470 24.640411
8.126320 8.126320 8.126320 24.378959
8.040947 8.040947 8.040947 24.122840
7.910308 7.910308 7.910308 23.730925
7.726666 7.726666 7.726666 23.179998
7.728564 7.728564 7.728564 23.185693
7.733514 7.733514 7.733514 23.200541
7.744854 7.744854 7.744854 23.234561
7.740198 7.740198 7.740198 23.220595
7.729286 7.729286 7.729286 23.187857
7.705423 7.705423 7.705423 23.116270
7.666868 7.666868 7.666868 23.000603
7.618679 7.618679 7.618679 22.856038
7.825135 7.825135 7.825135 23.475406
7.972803 7.972803 7.972803 23.918409
8.097430 8.097430 8.097430 24.292291
8.211713 8.211713 8.211713 24.635140
8.329708 8.329708 8.329708 24.989124
8.448902 8.448902 8.448902 25.346707
8.562721 8.562721 8.562721 25.688163
8.677044 8.677044 8.677044 26.031131
8.728503 8.728503 8.728503 26.185510
8.771206 8.771206 8.771206 26.313617
8.795443 8.795443 8.795443 26.386328
8.776548 8.776548 8.776548 26.329643
8.681807 8.681807 8.681807 26.045421
8.600246 8.600246 8.600246 25.800739
8.484609 8.484609 8.484609 25.453826
8.356743 8.356743 8.356743 25.070229
8.189399 8.189399 8.189399 24.568198
7.990114 7.990114 7.990114 23.970342
7.844657 7.844657 7.844657 23.533970
7.681369 7.681369 7.681369 23.044107
7.456663 7.456663 7.456663 22.369990
7.231932 7.231932 7.231932 21.695795
6.978982 6.978982 6.978982 20.936945
6.672278 6.672278 6.672278 20.016834
6.638380 6.638380 6.638380 19.915140
6.589258 6.589258 6.589258 19.767774
6.547422 6.547422 6.547422 19.642266
6.476017 6.476017 6.476017 19.428052
6.406149 6.406149 6.406149 19.218446
6.371541 6.371541 6.371541 19.114622
6.320874 6.320874 6.320874 18.962621
6.274225 6.274225 6.274225 18.822674
6.226745 6.226745 6.226745 18.680235
6.121820 6.121820 6.121820 18.365460
6.030190 6.030190 6.030190 18.090571
5.932999 5.932999 5.932999 17.798998
6.161900 6.161900 6.161900 18.485699
6.396256 6.396256 6.396256 19.188768
6.614114 6.614114 6.614114 19.842341
6.812782 6.812782 6.812782 20.438346
7.034799 7.034799 7.034799 21.104397
7.228698 7.228698 7.228698 21.686093
7.376980 7.376980 7.376980 22.130939
7.524515 7.524515 7.524515 22.573545
7.640696 7.640696 7.640696 22.922087
7.736282 7.736282 7.736282 23.208846
7.794469 7.794469 7.794469 23.383408
7.815927 7.815927 7.815927 23.447781
7.831386 7.831386 7.831386 23.494158
7.841715 7.841715 7.841715 23.525146
7.864879 7.864879 7.864879 23.594638
7.843048 7.843048 7.843048 23.529143
7.847108 7.847108 7.847108 23.541323
7.812421 7.812421 7.812421 23.437263
7.725852 7.725852 7.725852 23.177557
7.648288 7.648288 7.648288 22.944864
7.516264 7.516264 7.516264 22.548792
7.296301 7.296301 7.296301 21.888902
7.033744 7.033744 7.033744 21.101233
6.819939 6.819939 6.819939 20.459816
6.595044 6.595044 6.595044 19.785132
6.358332 6.358332 6.358332 19.074995
6.054108 6.054108 6.054108 18.162323
5.785178 5.785178 5.785178 17.355533
5.504803 5.504803 5.504803 16.514408
5.175535 5.175535 5.175535 15.526606
4.839679 4.839679 4.839679 14.519038
4.459251 4.459251 4.459251 13.377753
4.600218 4.600218 4.600218 13.800655
4.680203 4.680203 4.680203 14.040610
4.815450 4.815450 4.815450 14.446349
5.000892 5.000892 5.000892 15.002675
5.168910 5.168910 5.168910 15.506731
5.425957 5.425957 5.425957 16.277871
5.679247 5.679247 5.679247 17.037741
5.859304 5.859304 5.859304 17.577912
6.023069 6.023069 6.023069 18.069208
6.192933 6.192933 6.192933 18.578799
6.316901 6.316901 6.316901 18.950703
6.490502 6.490502 6.490502 19.471506
6.637905 6.637905 6.637905 19.913715
6.814671 6.814671 6.814671 20.444013
6.994352 6.994352 6.994352 20.983055
7.170312 7.170312 7.170312 21.510937
7.362971 7.362971 7.362971 22.088913
7.519804 7.519804 7.519804 22.559412
7.693653 7.693653 7.693653 23.080958
7.853314 7.853314 7.853314 23.559943
7.956898 7.956898 7.956898 23.870693
7.999618 7.999618 7.999618 23.998855
8.006535 8.006535 8.006535 24.019606
7.935057 7.935057 7.935057 23.805171
7.773458 7.773458 7.773458 23.320374
7.540884 7.540884 7.540884 22.622653
7.284238 7.284238 7.284238 21.852715
7.013827 7.013827 7.013827 21.041481
6.710495 6.710495 6.710495 20.131486
6.397453 6.397453 6.397453 19.192359
6.080744 6.080744 6.080744 18.242231
5.686234 5.686234 5.686234 17.058701
5.289810 5.289810 5.289810 15.869430
4.824427 4.824427 4.824427 14.473282
4.331585 4.331585 4.331585 12.994756
4.235387 4.235387 4.235387 12.706161
4.179720 4.179720 4.179720 12.539160
4.115694 4.115694 4.115694 12.347082
4.028889 4.028889 4.028889 12.086668
4.001010 4.001010 4.001010 12.003031
3.990225 3.990225 3.990225 11.970674
3.909541 3.909541 3.909541 11.728624
3.801722 3.801722 3.801722 11.405165
3.836300 3.836300 3.836300 11.508899
3.782849 3.782849 3.782849 11.348547
3.704133 3.704133 3.704133 11.112400
3.617688 3.617688 3.617688 10.853063
3.602314 3.602314 3.602314 10.806941
3.641128 3.641128 3.641128 10.923385
3.617944 3.617944 3.617944 10.853833
3.726822 3.726822 3.726822 11.180466
3.841498 3.841498 3.841498 11.524493
3.944917 3.944917 3.944917 11.834751
4.041120 4.041120 4.041120 12.123359
4.132388 4.132388 4.132388 12.397165
4.141185 4.141185 4.141185 12.423554
4.160733 4.160733 4.160733 12.482200
4.166811 4.166811 4.166811 12.500434
4.032961 4.032961 4.032961 12.098883
3.594598 3.594598 3.594598 10.783794
2.705638 2.705638 2.705638 8.116915
0.000000 0.000000 0.000000 0.000000
