0.000000 0.000000 0.000000 0.000000
0.985658 0.985658 0.985658 3151.877535
1.362100 1.362100 1.362100 4360.832843
1.651976 1.651976 1.651976 5289.215497
1.895143 1.895143 1.895143 6068.013415
2.105469 2.105469 2.105469 6741.736923
2.294622 2.294622 2.294622 7349.774838
2.467494 2.467494 2.467494 7907.676121
2.623677 2.623677 2.623677 8407.599646
2.767970 2.767970 2.767970 8872.457801
2.903245 2.903245 2.903245 9306.240248
3.029814 3.029814 3.029814 9716.516904
3.149312 3.149312 3.149312 10096.846530
3.264364 3.264364 3.264364 10464.487894
3.372351 3.372351 3.372351 10810.621452
3.475636 3.475636 3.475636 11141.530048
3.576723 3.576723 3.576723 11465.004121
3.671131 3.671131 3.671131 11765.408610
3.762619 3.762619 3.762619 12058.093825
3.848596 3.848596 3.848596 12333.305885
3.932113 3.932113 3.932113 12600.682540
4.013480 4.013480 4.013480 12857.615097
4.091623 4.091623 4.091623 13109.917416
4.168522 4.168522 4.168522 13359.870397
4.242691 4.242691 4.242691 13595.167267
4.314538 4.314538 4.314538 13823.849878
4.385826 4.385826 4.385826 14050.630174
4.454605 4.454605 4.454605 14272.006654
4.522139 4.522139 4.522139 14488.652694
4.586472 4.586472 4.586472 14694.613411
4.650704 4.650704 4.650704 14900.174237
4.712855 4.712855 4.712855 15098.746773
4.772917 4.772917 4.772917 15290.344910
4.830552 4.830552 4.830552 15475.659473
4.887249 4.887249 4.887249 15658.902127
4.942347 4.942347 4.942347 15835.390496
4.996257 4.996257 4.996257 16004.629458
5.050191 5.050191 5.050191 16179.753329
5.103135 5.103135 5.103135 16347.777064
5.156044 5.156044 5.156044 16514.685073
5.206845 5.206845 5.206845 16674.775072
5.256898 5.256898 5.256898 16834.065267
5.307021 5.307021 5.307021 16991.659782
5.355091 5.355091 5.355091 17144.271976
5.400993 5.400993 5.400993 17291.248056
5.446733 5.446733 5.446733 17436.618081
5.490254 5.490254 5.490254 17577.829070
5.533126 5.533126 5.533126 17717.331187
5.575818 5.575818 5.575818 17852.819107
5.616839 5.616839 5.616839 17981.675363
5.657622 5.657622 5.657622 18111.285375
5.698388 5.698388 5.698388 18239.233615
5.736843 5.736843 5.736843 18364.027831
5.775179 5.775179 5.775179 18485.266393
5.811304 5.811304 5.811304 18602.595962
5.847632 5.847632 5.847632 18721.698281
5.882223 5.882223 5.882223 18830.924435
5.918457 5.918457 5.918457 18947.948442
5.954627 5.954627 5.954627 19065.272252
5.988781 5.988781 5.988781 19176.311352
6.021497 6.021497 6.021497 19283.699940
6.054015 6.054015 6.054015 19389.987620
6.086203 6.086203 6.086203 19495.463301
6.117313 6.117313 6.117313 19595.562085
6.147318 6.147318 6.147318 19691.289203
6.177904 6.177904 6.177904 19787.575467
6.208590 6.208590 6.208590 19886.178713
6.239512 6.239512 6.239512 19986.368410
6.269552 6.269552 6.269552 20082.854653
6.298068 6.298068 6.298068 20174.807335
6.327399 6.327399 6.327399 20266.656773
6.354970 6.354970 6.354970 20356.720173
6.381932 6.381932 6.381932 20443.867009
6.409076 6.409076 6.409076 20532.251207
6.435298 6.435298 6.435298 20615.050434
6.461534 6.461534 6.461534 20700.567942
6.487198 6.487198 6.487198 20783.710452
6.512003 6.512003 6.512003 20860.364418
6.536717 6.536717 6.536717 20942.016562
6.561282 6.561282 6.561282 21021.791657
6.586390 6.586390 6.586390 21101.581777
6.610445 6.610445 6.610445 21180.041462
6.634860 6.634860 6.634860 21259.465998
6.658823 6.658823 6.658823 21337.214682
6.681993 6.681993 6.681993 21413.827865
6.703638 6.703638 6.703638 21480.772741
6.724406 6.724406 6.724406 21547.678796
6.745766 6.745766 6.745766 21618.093600
6.767264 6.767264 6.767264 21685.864779
6.788518 6.788518 6.788518 21754.006423
6.808468 6.808468 6.808468 21820.290360
6.828624 6.828624 6.828624 21885.421408
6.848631 6.848631 6.848631 21948.366388
6.867454 6.867454 6.867454 22007.753566
6.885386 6.885386 6.885386 22067.653248
6.901727 6.901727 6.901727 22118.790725
6.919667 6.919667 6.919667 22174.869792
6.936170 6.936170 6.936170 22226.956883
6.953265 6.953265 6.953265 22281.866251
6.969804 6.969804 6.969804 22334.073625
6.986332 6.986332 6.986332 22386.888926
7.002200 7.002200 7.002200 22439.370530
7.018772 7.018772 7.018772 22493.095829
7.036434 7.036434 7.036434 22547.873216
7.052016 7.052016 7.052016 22595.165180
7.067418 7.067418 7.067418 22643.424152
7.083055 7.083055 7.083055 22692.401933
7.098446 7.098446 7.098446 22740.125863
7.113310 7.113310 7.113310 22787.969939
7.129267 7.129267 7.129267 22840.537455
7.144602 7.144602 7.144602 22888.865761
7.158007 7.158007 7.158007 22931.250709
7.172031 7.172031 7.172031 22977.120215
7.186204 7.186204 7.186204 23021.943975
7.198969 7.198969 7.198969 23062.268223
7.212377 7.212377 7.212377 23104.054231
7.224529 7.224529 7.224529 23140.929382
7.237344 7.237344 7.237344 23180.637087
7.251033 7.251033 7.251033 23222.291797
7.261940 7.261940 7.261940 23254.972643
7.274793 7.274793 7.274793 23294.540355
7.286631 7.286631 7.286631 23330.575517
7.297793 7.297793 7.297793 23364.866385
7.309394 7.309394 7.309394 23398.699500
7.321147 7.321147 7.321147 23432.534702
7.331166 7.331166 7.331166 23464.023928
7.343357 7.343357 7.343357 23502.853493
7.354283 7.354283 7.354283 23535.375394
7.365638 7.365638 7.365638 23570.608554
7.375545 7.375545 7.375545 23600.995969
7.384961 7.384961 7.384961 23631.395794
7.395844 7.395844 7.395844 23666.857994
7.406369 7.406369 7.406369 23698.623725
7.415415 7.415415 7.415415 23725.946232
7.426810 7.426810 7.426810 23760.153619
7.437483 7.437483 7.437483 23791.826278
7.446195 7.446195 7.446195 23819.313323
7.455970 7.455970 7.455970 23848.770766
7.466299 7.466299 7.466299 23880.270092
7.476181 7.476181 7.476181 23910.811776
7.484462 7.484462 7.484462 23935.259347
7.494091 7.494091 7.494091 23965.815604
7.501832 7.501832 7.501832 23988.993242
7.509062 7.509062 7.509062 24006.978545
7.516084 7.516084 7.516084 24025.833712
7.523645 7.523645 7.523645 24049.105085
7.531758 7.531758 7.531758 24072.635600
7.539033 7.539033 7.539033 24097.875382
7.546046 7.546046 7.546046 24121.048533
7.552580 7.552580 7.552580 24140.403626
7.559707 7.559707 7.559707 24160.433051
7.567092 7.567092 7.567092 24183.476405
7.574597 7.574597 7.574597 24206.688901
7.582396 7.582396 7.582396 24233.797073
7.589256 7.589256 7.589256 24253.319956
7.595867 7.595867 7.595867 24273.017841
7.601864 7.601864 7.601864 24288.751144
7.607914 7.607914 7.607914 24306.235011
7.613927 7.613927 7.613927 24324.868113
7.620209 7.620209 7.620209 24343.798409
7.626252 7.626252 7.626252 24362.552502
7.631507 7.631507 7.631507 24380.424141
7.637800 7.637800 7.637800 24398.102160
7.642431 7.642431 7.642431 24411.819340
7.648621 7.648621 7.648621 24431.020623
7.654183 7.654183 7.654183 24448.650120
7.661390 7.661390 7.661390 24472.217920
7.668348 7.668348 7.668348 24492.956643
7.675898 7.675898 7.675898 24517.485176
7.682744 7.682744 7.682744 24539.312624
7.688297 7.688297 7.688297 24555.311432
7.694778 7.694778 7.694778 24576.816894
7.700071 7.700071 7.700071 24594.378127
7.705161 7.705161 7.705161 24612.271913
7.712356 7.712356 7.712356 24635.858179
7.719393 7.719393 7.719393 24658.890758
7.725352 7.725352 7.725352 24680.225290
7.730757 7.730757 7.730757 24699.335064
7.736124 7.736124 7.736124 24715.011853
7.740429 7.740429 7.740429 24729.351541
7.745938 7.745938 7.745938 24744.293587
7.750787 7.750787 7.750787 24760.059566
7.756637 7.756637 7.756637 24777.414371
7.762353 7.762353 7.762353 24795.027796
7.768238 7.768238 7.768238 24812.070989
7.772496 7.772496 7.772496 24822.558981
7.776258 7.776258 7.776258 24836.528198
7.781035 7.781035 7.781035 24853.483313
7.786426 7.786426 7.786426 24870.982079
7.790109 7.790109 7.790109 24884.093466
7.794271 7.794271 7.794271 24897.405188
7.798653 7.798653 7.798653 24909.994108
7.802497 7.802497 7.802497 24921.522111
7.806380 7.806380 7.806380 24934.785137
7.810578 7.810578 7.810578 24947.553272
7.813635 7.813635 7.813635 24956.144472
7.816897 7.816897 7.816897 24963.862694
7.819688 7.819688 7.819688 24971.585886
7.824011 7.824011 7.824011 24981.500899
7.828459 7.828459 7.828459 24993.370260
7.832550 7.832550 7.832550 25005.675829
7.836311 7.836311 7.836311 25015.126227
7.840208 7.840208 7.840208 25025.620014
7.844609 7.844609 7.844609 25040.734155
7.849237 7.849237 7.849237 25054.083249
7.853814 7.853814 7.853814 25068.175398
7.857045 7.857045 7.857045 25077.651205
7.861606 7.861606 7.861606 25091.637328
7.865576 7.865576 7.865576 25104.766490
7.867608 7.867608 7.867608 25111.441622
7.870831 7.870831 7.870831 25123.479299
7.873268 7.873268 7.873268 25132.049676
7.877623 7.877623 7.877623 25146.371199
7.881500 7.881500 7.881500 25159.561415
7.885031 7.885031 7.885031 25170.753067
7.889994 7.889994 7.889994 25188.438977
7.893581 7.893581 7.893581 25198.116123
7.897749 7.897749 7.897749 25210.036166
7.901894 7.901894 7.901894 25222.193570
7.904437 7.904437 7.904437 25229.947391
7.906828 7.906828 7.906828 25236.126114
7.908402 7.908402 7.908402 25240.987926
7.912068 7.912068 7.912068 25251.179873
7.913109 7.913109 7.913109 25256.935910
7.914867 7.914867 7.914867 25262.097573
7.916521 7.916521 7.916521 25267.145763
7.918337 7.918337 7.918337 25276.245181
7.918879 7.918879 7.918879 25280.399591
7.920319 7.920319 7.920319 25287.009497
7.922233 7.922233 7.922233 25294.831200
7.923515 7.923515 7.923515 25298.317897
7.925308 7.925308 7.925308 25305.402550
7.926704 7.926704 7.926704 25310.353613
7.928593 7.928593 7.928593 25318.901699
7.929336 7.929336 7.929336 25322.196663
7.930243 7.930243 7.930243 25325.791283
7.930718 7.930718 7.930718 25328.333737
7.932390 7.932390 7.932390 25333.047086
7.934058 7.934058 7.934058 25338.507756
7.936155 7.936155 7.936155 25346.461174
7.937617 7.937617 7.937617 25350.769612
7.940100 7.940100 7.940100 25360.677089
7.940981 7.940981 7.940981 25365.618552
7.942224 7.942224 7.942224 25371.748004
7.943709 7.943709 7.943709 25377.505295
7.944523 7.944523 7.944523 25380.944108
7.945815 7.945815 7.945815 25385.487945
7.946663 7.946663 7.946663 25389.500541
7.947770 7.947770 7.947770 25393.105703
7.948725 7.948725 7.948725 25396.288714
7.949204 7.949204 7.949204 25398.463873
7.949797 7.949797 7.949797 25401.797232
7.950798 7.950798 7.950798 25406.417703
7.952985 7.952985 7.952985 25413.655318
7.954922 7.954922 7.954922 25421.583296
7.956292 7.956292 7.956292 25426.440585
7.956838 7.956838 7.956838 25430.379778
7.958174 7.958174 7.958174 25433.737654
7.959349 7.959349 7.959349 25437.290613
7.960921 7.960921 7.960921 25441.562604
7.962912 7.962912 7.962912 25446.902019
7.963737 7.963737 7.963737 25451.840588
7.965462 7.965462 7.965462 25458.371800
7.966349 7.966349 7.966349 25460.811127
7.966866 7.966866 7.966866 25463.599988
7.968032 7.968032 7.968032 25466.644995
7.970130 7.970130 7.970130 25473.033945
7.971376 7.971376 7.971376 25478.161136
7.972565 7.972565 7.972565 25479.232962
7.973695 7.973695 7.973695 25482.887706
7.974763 7.974763 7.974763 25487.137381
7.975139 7.975139 7.975139 25488.480837
7.976929 7.976929 7.976929 25495.866252
7.977343 7.977343 7.977343 25497.060084
7.976822 7.976822 7.976822 25493.488284
7.976804 7.976804 7.976804 25491.050787
7.977747 7.977747 7.977747 25494.799159
7.978619 7.978619 7.978619 25497.527264
7.978376 7.978376 7.978376 25496.614651
7.979712 7.979712 7.979712 25498.007621
7.980682 7.980682 7.980682 25498.959982
7.980988 7.980988 7.980988 25500.435528
7.982852 7.982852 7.982852 25506.723122
7.984289 7.984289 7.984289 25511.480532
7.983584 7.983584 7.983584 25510.791376
7.983903 7.983903 7.983903 25512.517998
7.983248 7.983248 7.983248 25513.371338
7.983475 7.983475 7.983475 25515.796599
7.984596 7.984596 7.984596 25519.780999
7.985154 7.985154 7.985154 25520.646515
7.985116 7.985116 7.985116 25520.783509
7.986410 7.986410 7.986410 25525.411564
7.987962 7.987962 7.987962 25531.138478
7.988938 7.988938 7.988938 25534.285695
7.991372 7.991372 7.991372 25542.681783
7.992494 7.992494 7.992494 25547.411183
7.994740 7.994740 7.994740 25555.446646
7.997103 7.997103 7.997103 25563.104398
8.000933 8.000933 8.000933 25577.431036
8.003883 8.003883 8.003883 25586.850483
8.006373 8.006373 8.006373 25595.962328
8.007169 8.007169 8.007169 25596.885460
8.008250 8.008250 8.008250 25600.738649
8.009832 8.009832 8.009832 25607.176625
8.010629 8.010629 8.010629 25611.528950
8.011679 8.011679 8.011679 25616.750284
8.012655 8.012655 8.012655 25621.375118
8.014881 8.014881 8.014881 25630.568686
8.016460 8.016460 8.016460 25637.558272
8.018432 8.018432 8.018432 25644.329320
8.018880 8.018880 8.018880 25645.896538
8.019419 8.019419 8.019419 25648.689399
8.020775 8.020775 8.020775 25654.097019
8.022103 8.022103 8.022103 25663.154712
8.022280 8.022280 8.022280 25665.717792
8.022613 8.022613 8.022613 25670.162932
8.022438 8.022438 8.022438 25672.197207
8.023921 8.023921 8.023921 25675.847535
8.023936 8.023936 8.023936 25675.270558
8.023094 8.023094 8.023094 25672.536818
8.023725 8.023725 8.023725 25675.545449
8.022529 8.022529 8.022529 25671.321432
8.022252 8.022252 8.022252 25670.404082
8.021432 8.021432 8.021432 25667.355220
8.021952 8.021952 8.021952 25668.841704
8.022660 8.022660 8.022660 25671.786027
8.023236 8.023236 8.023236 25674.537386
8.024229 8.024229 8.024229 25677.166533
8.024509 8.024509 8.024509 25678.430118
8.023010 8.023010 8.023010 25674.250809
8.023685 8.023685 8.023685 25677.529539
8.025486 8.025486 8.025486 25683.186199
8.025273 8.025273 8.025273 25684.653088
8.026369 8.026369 8.026369 25691.074190
8.025919 8.025919 8.025919 25690.240423
8.025741 8.025741 8.025741 25689.638977
8.025284 8.025284 8.025284 25689.872953
8.024539 8.024539 8.024539 25688.171049
8.027135 8.027135 8.027135 25697.355865
8.028044 8.028044 8.028044 25701.005450
8.029978 8.029978 8.029978 25707.876897
8.030650 8.030650 8.030650 25712.799363
8.032078 8.032078 8.032078 25717.548319
8.033142 8.033142 8.033142 25721.963802
8.032890 8.032890 8.032890 25722.753458
8.034742 8.034742 8.034742 25730.000601
8.037052 8.037052 8.037052 25740.464974
8.038547 8.038547 8.038547 25744.514741
8.040419 8.040419 8.040419 25749.928162
8.041373 8.041373 8.041373 25751.827587
8.042563 8.042563 8.042563 25755.841704
8.043128 8.043128 8.043128 25761.242998
8.042942 8.042942 8.042942 25760.674277
8.042279 8.042279 8.042279 25758.809816
8.042176 8.042176 8.042176 25757.977692
8.042786 8.042786 8.042786 25758.432307
8.044310 8.044310 8.044310 25763.318090
8.044071 8.044071 8.044071 25763.193778
8.045631 8.045631 8.045631 25768.898906
8.045861 8.045861 8.045861 25767.826010
8.045777 8.045777 8.045777 25768.787058
8.045161 8.045161 8.045161 25766.043871
8.045384 8.045384 8.045384 25767.850701
8.045067 8.045067 8.045067 25766.905758
8.044637 8.044637 8.044637 25766.081167
8.045013 8.045013 8.045013 25765.229420
8.045057 8.045057 8.045057 25765.700383
8.044868 8.044868 8.044868 25765.254140
8.046634 8.046634 8.046634 25768.611691
8.045863 8.045863 8.045863 25764.424058
8.044235 8.044235 8.044235 25757.610378
8.044423 8.044423 8.044423 25757.807984
8.043549 8.043549 8.043549 25753.241833
8.043482 8.043482 8.043482 25751.538471
8.044409 8.044409 8.044409 25753.589693
8.045262 8.045262 8.045262 25756.354284
8.045916 8.045916 8.045916 25758.482453
8.047667 8.047667 8.047667 25765.064216
8.048396 8.048396 8.048396 25769.909694
8.047612 8.047612 8.047612 25768.676031
8.047813 8.047813 8.047813 25769.960917
8.047243 8.047243 8.047243 25769.806952
8.047822 8.047822 8.047822 25772.440094
8.047681 8.047681 8.047681 25773.385670
8.048085 8.048085 8.048085 25776.089127
8.047319 8.047319 8.047319 25775.725711
8.048554 8.048554 8.048554 25781.545259
8.050069 8.050069 8.050069 25786.136990
8.049922 8.049922 8.049922 25783.648391
8.050534 8.050534 8.050534 25785.049223
8.052136 8.052136 8.052136 25790.932680
8.053507 8.053507 8.053507 25796.327079
8.053143 8.053143 8.053143 25796.252281
8.054132 8.054132 8.054132 25800.113987
8.053998 8.053998 8.053998 25798.438085
8.053830 8.053830 8.053830 25797.386757
8.055697 8.055697 8.055697 25802.856339
8.056642 8.056642 8.056642 25804.100505
8.056624 8.056624 8.056624 25803.403386
8.055487 8.055487 8.055487 25802.268293
8.056111 8.056111 8.056111 25804.610886
8.056532 8.056532 8.056532 25807.843664
8.057655 8.057655 8.057655 25813.440104
8.057997 8.057997 8.057997 25815.329247
8.058160 8.058160 8.058160 25818.688870
8.058321 8.058321 8.058321 25819.975110
8.058326 8.058326 8.058326 25821.015644
8.058444 8.058444 8.058444 25821.150738
8.059960 8.059960 8.059960 25822.839082
8.059955 8.059955 8.059955 25823.035529
8.059141 8.059141 8.059141 25822.161167
8.061355 8.061355 8.061355 25829.567234
8.061290 8.061290 8.061290 25828.899194
8.060153 8.060153 8.060153 25826.181597
8.059165 8.059165 8.059165 25822.896756
8.061404 8.061404 8.061404 25831.459022
8.062060 8.062060 8.062060 25833.542409
8.062904 8.062904 8.062904 25837.401174
8.064109 8.064109 8.064109 25840.446121
8.064936 8.064936 8.064936 25847.652066
8.066046 8.066046 8.066046 25852.184136
8.066800 8.066800 8.066800 25854.736858
8.067035 8.067035 8.067035 25854.005503
8.067926 8.067926 8.067926 25856.486838
8.069321 8.069321 8.069321 25860.783482
8.069370 8.069370 8.069370 25861.653322
8.069518 8.069518 8.069518 25860.267798
8.069509 8.069509 8.069509 25858.395834
8.071018 8.071018 8.071018 25864.849041
8.071677 8.071677 8.071677 25870.439388
8.072464 8.072464 8.072464 25875.478497
8.072156 8.072156 8.072156 25872.724877
8.073415 8.073415 8.073415 25877.521551
8.074586 8.074586 8.074586 25882.100084
8.075117 8.075117 8.075117 25883.916530
8.075840 8.075840 8.075840 25888.105514
8.076839 8.076839 8.076839 25892.501957
8.077276 8.077276 8.077276 25895.181408
8.078118 8.078118 8.078118 25895.994216
8.078857 8.078857 8.078857 25900.702652
8.078720 8.078720 8.078720 25902.413706
8.079538 8.079538 8.079538 25906.593327
8.079067 8.079067 8.079067 25902.330794
8.078261 8.078261 8.078261 25896.183147
8.078703 8.078703 8.078703 25897.136081
8.078527 8.078527 8.078527 25897.579267
8.079045 8.079045 8.079045 25898.405048
8.077684 8.077684 8.077684 25894.459812
8.075665 8.075665 8.075665 25888.943612
8.075717 8.075717 8.075717 25890.094283
8.074256 8.074256 8.074256 25886.217719
8.075007 8.075007 8.075007 25888.380178
8.074256 8.074256 8.074256 25885.730101
8.074253 8.074253 8.074253 25885.366692
8.074412 8.074412 8.074412 25884.853630
8.075776 8.075776 8.075776 25890.961147
8.076105 8.076105 8.076105 25893.232519
8.076177 8.076177 8.076177 25893.056412
8.075484 8.075484 8.075484 25887.705374
8.075174 8.075174 8.075174 25886.568628
8.074424 8.074424 8.074424 25883.828724
8.075032 8.075032 8.075032 25888.663098
8.074098 8.074098 8.074098 25886.243332
8.075738 8.075738 8.075738 25891.982253
8.075562 8.075562 8.075562 25893.081277
8.075512 8.075512 8.075512 25890.758475
8.075477 8.075477 8.075477 25889.839177
8.075793 8.075793 8.075793 25890.322321
8.076605 8.076605 8.076605 25891.508389
8.076495 8.076495 8.076495 25891.432670
8.078005 8.078005 8.078005 25897.134108
8.078539 8.078539 8.078539 25896.826804
8.079204 8.079204 8.079204 25898.990602
8.079975 8.079975 8.079975 25897.709548
8.081259 8.081259 8.081259 25898.128969
8.081975 8.081975 8.081975 25899.938983
8.082646 8.082646 8.082646 25898.034986
8.082484 8.082484 8.082484 25895.728956
8.080417 8.080417 8.080417 25885.828627
8.081508 8.081508 8.081508 25885.570052
8.081140 8.081140 8.081140 25880.507419
8.080548 8.080548 8.080548 25877.392144
8.078854 8.078854 8.078854 25871.588850
8.078505 8.078505 8.078505 25867.433872
8.077862 8.077862 8.077862 25865.487598
8.076257 8.076257 8.076257 25859.012416
8.074087 8.074087 8.074087 25850.112719
8.071609 8.071609 8.071609 25843.414831
8.070680 8.070680 8.070680 25840.721312
8.070976 8.070976 8.070976 25841.024912
8.070292 8.070292 8.070292 25839.424695
8.070822 8.070822 8.070822 25839.660678
8.070557 8.070557 8.070557 25838.924235
8.069674 8.069674 8.069674 25838.832066
8.067792 8.067792 8.067792 25835.236420
8.066796 8.066796 8.066796 25832.584932
8.065050 8.065050 8.065050 25827.522908
8.065512 8.065512 8.065512 25829.840215
8.065090 8.065090 8.065090 25826.366185
8.064809 8.064809 8.064809 25825.780174
8.066540 8.066540 8.066540 25836.449030
8.065778 8.065778 8.065778 25835.983426
8.065622 8.065622 8.065622 25836.621621
8.064570 8.064570 8.064570 25837.293167
8.063090 8.063090 8.063090 25831.886840
8.061211 8.061211 8.061211 25829.769519
8.059249 8.059249 8.059249 25824.387270
8.057069 8.057069 8.057069 25817.308977
8.056254 8.056254 8.056254 25812.512386
8.054812 8.054812 8.054812 25807.008938
8.054749 8.054749 8.054749 25806.597564
8.055759 8.055759 8.055759 25807.712388
8.055374 8.055374 8.055374 25808.286065
8.054628 8.054628 8.054628 25807.855812
8.053868 8.053868 8.053868 25805.882331
8.052426 8.052426 8.052426 25799.524774
8.051046 8.051046 8.051046 25798.617312
8.051994 8.051994 8.051994 25802.869596
8.049725 8.049725 8.049725 25796.090206
8.047597 8.047597 8.047597 25789.984492
8.046835 8.046835 8.046835 25786.212905
8.046717 8.046717 8.046717 25785.504693
8.047194 8.047194 8.047194 25787.466854
8.047115 8.047115 8.047115 25785.474640
8.045115 8.045115 8.045115 25779.307856
8.045518 8.045518 8.045518 25779.977459
8.045601 8.045601 8.045601 25781.333880
8.044085 8.044085 8.044085 25776.605909
8.043202 8.043202 8.043202 25773.769579
8.043375 8.043375 8.043375 25773.198114
8.043351 8.043351 8.043351 25773.512611
8.043027 8.043027 8.043027 25772.996755
8.043078 8.043078 8.043078 25776.704560
8.044287 8.044287 8.044287 25780.539374
8.044399 8.044399 8.044399 25781.597516
8.043841 8.043841 8.043841 25780.011342
8.043169 8.043169 8.043169 25779.214268
8.043135 8.043135 8.043135 25777.394681
8.044719 8.044719 8.044719 25784.885992
8.044612 8.044612 8.044612 25786.875779
8.044643 8.044643 8.044643 25787.981759
8.045524 8.045524 8.045524 25790.476599
8.045762 8.045762 8.045762 25792.085226
8.045860 8.045860 8.045860 25792.648116
8.045273 8.045273 8.045273 25792.581356
8.045388 8.045388 8.045388 25793.848949
8.045460 8.045460 8.045460 25791.281535
8.045519 8.045519 8.045519 25791.899165
8.046243 8.046243 8.046243 25796.233420
8.046591 8.046591 8.046591 25797.228340
8.048241 8.048241 8.048241 25804.913235
8.048363 8.048363 8.048363 25807.445757
8.049194 8.049194 8.049194 25808.438258
8.048240 8.048240 8.048240 25807.838888
8.047933 8.047933 8.047933 25804.866475
8.046937 8.046937 8.046937 25800.508338
8.046230 8.046230 8.046230 25800.639166
8.044956 8.044956 8.044956 25798.724241
8.043212 8.043212 8.043212 25795.508957
8.041250 8.041250 8.041250 25791.988637
8.040273 8.040273 8.040273 25790.329730
8.038563 8.038563 8.038563 25787.448216
8.037151 8.037151 8.037151 25784.738068
8.036356 8.036356 8.036356 25782.131618
8.034477 8.034477 8.034477 25776.645019
8.032174 8.032174 8.032174 25769.673564
8.028970 8.028970 8.028970 25760.316812
8.026510 8.026510 8.026510 25754.717686
8.024219 8.024219 8.024219 25749.082246
8.023813 8.023813 8.023813 25747.752784
8.023404 8.023404 8.023404 25746.503668
8.023690 8.023690 8.023690 25744.170352
8.022118 8.022118 8.022118 25738.745179
8.020280 8.020280 8.020280 25734.043434
8.018110 8.018110 8.018110 25729.635815
8.015747 8.015747 8.015747 25720.559100
8.013341 8.013341 8.013341 25714.068575
8.010997 8.010997 8.010997 25705.007475
8.010003 8.010003 8.010003 25703.370199
8.010763 8.010763 8.010763 25706.847921
8.009969 8.009969 8.009969 25704.348913
8.009243 8.009243 8.009243 25703.621632
8.006170 8.006170 8.006170 25696.129655
8.004501 8.004501 8.004501 25692.451504
8.004867 8.004867 8.004867 25695.513554
8.004566 8.004566 8.004566 25695.509134
8.003812 8.003812 8.003812 25693.110763
8.004640 8.004640 8.004640 25696.830939
8.006930 8.006930 8.006930 25704.610755
8.008699 8.008699 8.008699 25707.469294
8.011683 8.011683 8.011683 25715.489649
8.015088 8.015088 8.015088 25727.407317
8.015381 8.015381 8.015381 25728.531168
8.017138 8.017138 8.017138 25734.690032
8.017334 8.017334 8.017334 25734.017550
8.019928 8.019928 8.019928 25743.867118
8.020038 8.020038 8.020038 25745.654764
8.020339 8.020339 8.020339 25745.378022
8.022040 8.022040 8.022040 25753.715323
8.023673 8.023673 8.023673 25761.840197
8.022705 8.022705 8.022705 25758.562990
8.025682 8.025682 8.025682 25767.768822
8.024923 8.024923 8.024923 25767.849495
8.024231 8.024231 8.024231 25763.758516
8.025269 8.025269 8.025269 25767.738951
8.027254 8.027254 8.027254 25777.732698
8.026077 8.026077 8.026077 25773.536016
8.026475 8.026475 8.026475 25777.494812
8.027116 8.027116 8.027116 25781.725588
8.026215 8.026215 8.026215 25781.257181
8.027188 8.027188 8.027188 25787.340348
8.026501 8.026501 8.026501 25787.010848
8.026226 8.026226 8.026226 25788.388621
8.025754 8.025754 8.025754 25782.659208
8.024634 8.024634 8.024634 25780.100351
8.025628 8.025628 8.025628 25785.246486
8.024897 8.024897 8.024897 25785.055355
8.027417 8.027417 8.027417 25793.424109
8.027786 8.027786 8.027786 25794.166048
8.026687 8.026687 8.026687 25793.138597
8.026743 8.026743 8.026743 25792.348494
8.026430 8.026430 8.026430 25795.612969
8.026000 8.026000 8.026000 25795.670846
8.025894 8.025894 8.025894 25796.174869
8.026625 8.026625 8.026625 25799.676888
8.027076 8.027076 8.027076 25799.416514
8.027102 8.027102 8.027102 25799.925243
8.027804 8.027804 8.027804 25801.452809
8.026224 8.026224 8.026224 25798.537730
8.025761 8.025761 8.025761 25797.507624
8.024586 8.024586 8.024586 25790.692741
8.025657 8.025657 8.025657 25795.443088
8.025760 8.025760 8.025760 25801.088362
8.024746 8.024746 8.024746 25795.439867
8.023575 8.023575 8.023575 25797.589106
8.022662 8.022662 8.022662 25796.227012
8.022722 8.022722 8.022722 25799.017877
8.022599 8.022599 8.022599 25801.645434
8.021594 8.021594 8.021594 25796.522744
8.021715 8.021715 8.021715 25797.568273
8.022737 8.022737 8.022737 25799.422691
8.021657 8.021657 8.021657 25793.668567
8.022874 8.022874 8.022874 25796.260700
8.024854 8.024854 8.024854 25800.539051
8.026562 8.026562 8.026562 25805.005542
8.027124 8.027124 8.027124 25803.599786
8.027120 8.027120 8.027120 25802.703481
8.028632 8.028632 8.028632 25808.498635
8.027855 8.027855 8.027855 25805.358956
8.027623 8.027623 8.027623 25803.152994
8.026940 8.026940 8.026940 25798.490645
8.027094 8.027094 8.027094 25799.037631
8.026487 8.026487 8.026487 25793.699085
8.026826 8.026826 8.026826 25791.917786
8.026398 8.026398 8.026398 25790.600808
8.026836 8.026836 8.026836 25786.675247
8.026895 8.026895 8.026895 25785.761877
8.025829 8.025829 8.025829 25780.152927
8.025321 8.025321 8.025321 25778.371984
8.028554 8.028554 8.028554 25791.366354
8.028261 8.028261 8.028261 25790.243559
8.029027 8.029027 8.029027 25790.372856
8.029194 8.029194 8.029194 25793.711207
8.027515 8.027515 8.027515 25793.291825
8.026863 8.026863 8.026863 25794.088873
8.029798 8.029798 8.029798 25804.884261
8.030627 8.030627 8.030627 25810.564162
8.029890 8.029890 8.029890 25810.801780
8.028520 8.028520 8.028520 25807.705805
8.030147 8.030147 8.030147 25812.278445
8.029541 8.029541 8.029541 25815.954078
8.026660 8.026660 8.026660 25808.726396
8.026996 8.026996 8.026996 25808.222270
8.026839 8.026839 8.026839 25808.774961
8.026699 8.026699 8.026699 25808.611494
8.027885 8.027885 8.027885 25808.104926
8.029791 8.029791 8.029791 25813.348384
8.028729 8.028729 8.028729 25810.595451
8.028971 8.028971 8.028971 25812.433725
8.029258 8.029258 8.029258 25811.844133
8.029256 8.029256 8.029256 25811.078676
8.027807 8.027807 8.027807 25806.178328
8.028178 8.028178 8.028178 25810.390416
8.026882 8.026882 8.026882 25803.844575
8.026719 8.026719 8.026719 25805.248935
8.026464 8.026464 8.026464 25808.079633
8.027938 8.027938 8.027938 25811.792527
8.027873 8.027873 8.027873 25812.574021
8.028141 8.028141 8.028141 25811.881059
8.027410 8.027410 8.027410 25806.032042
8.029088 8.029088 8.029088 25810.825315
8.031919 8.031919 8.031919 25816.590852
8.033523 8.033523 8.033523 25821.867113
8.034188 8.034188 8.034188 25822.660627
8.033765 8.033765 8.033765 25819.003809
8.036786 8.036786 8.036786 25826.901843
8.037163 8.037163 8.037163 25830.584508
8.037782 8.037782 8.037782 25825.310820
8.037342 8.037342 8.037342 25824.370691
8.036726 8.036726 8.036726 25817.830892
8.034009 8.034009 8.034009 25812.297035
8.032874 8.032874 8.032874 25806.996673
8.031544 8.031544 8.031544 25803.607846
8.032451 8.032451 8.032451 25802.816461
8.032194 8.032194 8.032194 25801.103684
8.032799 8.032799 8.032799 25801.016037
8.032623 8.032623 8.032623 25800.966376
8.031127 8.031127 8.031127 25790.680003
8.029081 8.029081 8.029081 25782.985300
8.029748 8.029748 8.029748 25789.057109
8.029055 8.029055 8.029055 25785.107074
8.028881 8.028881 8.028881 25783.838077
8.030654 8.030654 8.030654 25788.339465
8.032848 8.032848 8.032848 25796.761594
8.033798 8.033798 8.033798 25800.070699
8.035501 8.035501 8.035501 25802.299122
8.037251 8.037251 8.037251 25805.647060
8.038401 8.038401 8.038401 25811.933836
8.040592 8.040592 8.040592 25817.719331
8.041171 8.041171 8.041171 25818.925469
8.041060 8.041060 8.041060 25814.758324
8.040497 8.040497 8.040497 25811.569844
8.043371 8.043371 8.043371 25820.772420
8.043371 8.043371 8.043371 25820.070805
8.041595 8.041595 8.041595 25818.988476
8.042418 8.042418 8.042418 25824.629923
8.043872 8.043872 8.043872 25829.932362
8.045548 8.045548 8.045548 25838.385247
8.044523 8.044523 8.044523 25834.952285
8.046691 8.046691 8.046691 25844.607973
8.045840 8.045840 8.045840 25844.357913
8.043246 8.043246 8.043246 25837.249460
8.043774 8.043774 8.043774 25838.918323
8.043643 8.043643 8.043643 25836.589445
8.042642 8.042642 8.042642 25826.831194
8.043297 8.043297 8.043297 25826.533165
8.042941 8.042941 8.042941 25825.114914
8.041498 8.041498 8.041498 25819.308804
8.043356 8.043356 8.043356 25822.934922
8.043848 8.043848 8.043848 25821.307912
8.042963 8.042963 8.042963 25816.578040
8.043573 8.043573 8.043573 25816.695067
8.043577 8.043577 8.043577 25811.776986
8.043390 8.043390 8.043390 25810.811690
8.045364 8.045364 8.045364 25808.883007
8.046523 8.046523 8.046523 25811.034142
8.047209 8.047209 8.047209 25809.830643
8.047797 8.047797 8.047797 25810.753597
8.046752 8.046752 8.046752 25806.736193
8.045074 8.045074 8.045074 25801.569985
8.043459 8.043459 8.043459 25798.841843
8.042717 8.042717 8.042717 25796.158806
8.043915 8.043915 8.043915 25800.041850
8.044537 8.044537 8.044537 25803.072941
8.042369 8.042369 8.042369 25795.900720
8.043550 8.043550 8.043550 25798.530116
8.044411 8.044411 8.044411 25801.309391
8.046684 8.046684 8.046684 25807.546300
8.049453 8.049453 8.049453 25819.512899
8.048673 8.048673 8.048673 25820.705448
8.047577 8.047577 8.047577 25817.209221
8.046953 8.046953 8.046953 25817.199818
8.046481 8.046481 8.046481 25815.604468
8.045772 8.045772 8.045772 25810.260285
8.045080 8.045080 8.045080 25807.120591
8.046091 8.046091 8.046091 25812.922544
8.046323 8.046323 8.046323 25813.067673
8.045706 8.045706 8.045706 25813.964769
8.044561 8.044561 8.044561 25809.590292
8.044480 8.044480 8.044480 25808.394016
8.045992 8.045992 8.045992 25812.319703
8.045838 8.045838 8.045838 25807.676745
8.044706 8.044706 8.044706 25800.787695
8.044574 8.044574 8.044574 25802.941644
8.043460 8.043460 8.043460 25802.142713
8.044177 8.044177 8.044177 25808.361514
8.044327 8.044327 8.044327 25810.962448
8.042651 8.042651 8.042651 25805.780780
8.042280 8.042280 8.042280 25804.357703
8.040270 8.040270 8.040270 25802.412056
8.040871 8.040871 8.040871 25807.082868
8.041563 8.041563 8.041563 25809.665226
8.039334 8.039334 8.039334 25806.462195
8.040939 8.040939 8.040939 25814.518817
8.043296 8.043296 8.043296 25821.709583
8.044933 8.044933 8.044933 25826.472839
8.045992 8.045992 8.045992 25829.953082
8.046906 8.046906 8.046906 25836.226985
8.048562 8.048562 8.048562 25843.385628
8.049876 8.049876 8.049876 25852.120630
8.050189 8.050189 8.050189 25858.043139
8.052524 8.052524 8.052524 25864.542953
8.052431 8.052431 8.052431 25865.571252
8.053707 8.053707 8.053707 25869.834130
8.055973 8.055973 8.055973 25878.655536
8.058340 8.058340 8.058340 25885.559661
8.060137 8.060137 8.060137 25892.072903
8.060699 8.060699 8.060699 25895.119408
8.060084 8.060084 8.060084 25895.881483
8.058374 8.058374 8.058374 25890.527594
8.057599 8.057599 8.057599 25889.752774
8.057235 8.057235 8.057235 25886.121082
8.057298 8.057298 8.057298 25886.698688
8.058021 8.058021 8.058021 25893.252458
8.058850 8.058850 8.058850 25897.535689
8.058998 8.058998 8.058998 25898.435957
8.059159 8.059159 8.059159 25896.399512
8.061502 8.061502 8.061502 25904.843409
8.063567 8.063567 8.063567 25909.897691
8.064012 8.064012 8.064012 25912.805628
8.065127 8.065127 8.065127 25913.751112
8.063688 8.063688 8.063688 25907.425139
8.061683 8.061683 8.061683 25897.038010
8.060691 8.060691 8.060691 25886.869841
8.057471 8.057471 8.057471 25874.871008
8.058398 8.058398 8.058398 25873.758768
8.055023 8.055023 8.055023 25863.039654
8.053502 8.053502 8.053502 25858.613514
8.049587 8.049587 8.049587 25846.905139
8.047801 8.047801 8.047801 25838.899910
8.045544 8.045544 8.045544 25830.055828
8.043015 8.043015 8.043015 25818.882619
8.040781 8.040781 8.040781 25810.904845
8.039538 8.039538 8.039538 25808.935345
8.040029 8.040029 8.040029 25808.414210
8.039222 8.039222 8.039222 25803.573382
8.037644 8.037644 8.037644 25792.593507
8.034721 8.034721 8.034721 25778.743410
8.035861 8.035861 8.035861 25782.688573
8.032490 8.032490 8.032490 25770.660826
8.032786 8.032786 8.032786 25770.759289
8.030559 8.030559 8.030559 25763.083567
8.028768 8.028768 8.028768 25753.899115
8.025022 8.025022 8.025022 25740.936605
8.025003 8.025003 8.025003 25738.846582
8.026126 8.026126 8.026126 25739.920425
8.024907 8.024907 8.024907 25728.404449
8.025165 8.025165 8.025165 25728.238267
8.026826 8.026826 8.026826 25734.961430
8.026899 8.026899 8.026899 25731.781446
8.029967 8.029967 8.029967 25736.577233
8.033020 8.033020 8.033020 25741.330410
8.035040 8.035040 8.035040 25748.382667
8.037276 8.037276 8.037276 25751.506684
8.039246 8.039246 8.039246 25751.544668
8.038348 8.038348 8.038348 25746.248877
8.040922 8.040922 8.040922 25752.071791
8.038924 8.038924 8.038924 25737.523213
8.039268 8.039268 8.039268 25738.139961
8.040102 8.040102 8.040102 25734.267756
8.036428 8.036428 8.036428 25721.228981
8.037101 8.037101 8.037101 25722.225723
8.038756 8.038756 8.038756 25730.627473
8.040163 8.040163 8.040163 25733.829482
8.042425 8.042425 8.042425 25739.475443
8.044339 8.044339 8.044339 25751.553182
8.046359 8.046359 8.046359 25758.572473
8.045453 8.045453 8.045453 25757.103515
8.048249 8.048249 8.048249 25773.994034
8.047836 8.047836 8.047836 25776.779072
8.049061 8.049061 8.049061 25781.527895
8.050010 8.050010 8.050010 25790.741570
8.048202 8.048202 8.048202 25789.841907
8.049502 8.049502 8.049502 25795.687623
8.050970 8.050970 8.050970 25800.326038
8.052513 8.052513 8.052513 25814.404670
8.055530 8.055530 8.055530 25826.320578
8.053182 8.053182 8.053182 25818.681003
8.058763 8.058763 8.058763 25835.130702
8.059286 8.059286 8.059286 25836.911055
8.061639 8.061639 8.061639 25840.243693
8.065280 8.065280 8.065280 25855.816233
8.066762 8.066762 8.066762 25856.786900
8.067583 8.067583 8.067583 25855.998761
8.067352 8.067352 8.067352 25852.774590
8.070267 8.070267 8.070267 25864.752405
8.069231 8.069231 8.069231 25860.836552
8.066778 8.066778 8.066778 25853.016745
8.067425 8.067425 8.067425 25859.412138
8.066028 8.066028 8.066028 25849.509759
8.065062 8.065062 8.065062 25843.696562
8.064496 8.064496 8.064496 25846.537836
8.061092 8.061092 8.061092 25831.657644
8.060466 8.060466 8.060466 25834.372567
8.058444 8.058444 8.058444 25824.154158
8.056409 8.056409 8.056409 25823.703018
8.053846 8.053846 8.053846 25812.593963
8.050825 8.050825 8.050825 25808.869726
8.049675 8.049675 8.049675 25803.696240
8.048478 8.048478 8.048478 25800.621349
8.048395 8.048395 8.048395 25803.619229
8.046234 8.046234 8.046234 25799.679970
8.044831 8.044831 8.044831 25801.646323
8.047651 8.047651 8.047651 25821.029056
8.047971 8.047971 8.047971 25832.875478
8.050690 8.050690 8.050690 25845.680937
8.051443 8.051443 8.051443 25852.749480
8.052662 8.052662 8.052662 25855.591403
8.054134 8.054134 8.054134 25862.457963
8.054651 8.054651 8.054651 25863.546550
8.053245 8.053245 8.053245 25862.806511
8.052647 8.052647 8.052647 25862.992013
8.049672 8.049672 8.049672 25860.228674
8.048339 8.048339 8.048339 25860.402496
8.047184 8.047184 8.047184 25867.106167
8.050335 8.050335 8.050335 25884.935038
8.048472 8.048472 8.048472 25871.454959
8.046579 8.046579 8.046579 25860.685648
8.044063 8.044063 8.044063 25847.291517
8.045431 8.045431 8.045431 25845.245797
8.043349 8.043349 8.043349 25835.745914
8.046637 8.046637 8.046637 25844.910712
8.045740 8.045740 8.045740 25842.540090
8.047944 8.047944 8.047944 25847.213946
8.049183 8.049183 8.049183 25851.182224
8.045075 8.045075 8.045075 25829.117966
8.044947 8.044947 8.044947 25824.579483
8.046947 8.046947 8.046947 25824.424862
8.051742 8.051742 8.051742 25839.662125
8.051984 8.051984 8.051984 25842.774279
8.050551 8.050551 8.050551 25838.214991
8.048617 8.048617 8.048617 25836.741176
8.046313 8.046313 8.046313 25832.651588
8.043327 8.043327 8.043327 25816.331975
8.043392 8.043392 8.043392 25815.225808
8.037809 8.037809 8.037809 25794.059919
8.032982 8.032982 8.032982 25771.083638
8.028720 8.028720 8.028720 25760.131770
8.026108 8.026108 8.026108 25748.594989
8.023264 8.023264 8.023264 25737.710095
8.021655 8.021655 8.021655 25730.701472
8.017437 8.017437 8.017437 25714.610647
8.020082 8.020082 8.020082 25724.892665
8.017857 8.017857 8.017857 25723.020637
8.013610 8.013610 8.013610 25710.634079
8.012301 8.012301 8.012301 25711.098668
8.005315 8.005315 8.005315 25683.118707
8.007597 8.007597 8.007597 25697.074427
8.008494 8.008494 8.008494 25702.244664
8.007576 8.007576 8.007576 25695.718000
8.005949 8.005949 8.005949 25694.962632
8.003204 8.003204 8.003204 25686.493287
8.004658 8.004658 8.004658 25690.462617
8.004448 8.004448 8.004448 25693.130992
7.999659 7.999659 7.999659 25681.264356
7.996358 7.996358 7.996358 25668.411817
7.990778 7.990778 7.990778 25653.918892
7.987047 7.987047 7.987047 25636.125123
7.986869 7.986869 7.986869 25632.968170
7.986530 7.986530 7.986530 25636.066967
7.989550 7.989550 7.989550 25638.372143
7.985903 7.985903 7.985903 25623.445146
7.983622 7.983622 7.983622 25610.158580
7.972819 7.972819 7.972819 25579.354102
7.969071 7.969071 7.969071 25578.288589
7.970676 7.970676 7.970676 25588.466109
7.967697 7.967697 7.967697 25584.893818
7.968190 7.968190 7.968190 25592.820685
7.957420 7.957420 7.957420 25565.677466
7.952425 7.952425 7.952425 25559.435456
7.950981 7.950981 7.950981 25560.607972
7.948073 7.948073 7.948073 25558.646961
7.940294 7.940294 7.940294 25538.712807
7.937504 7.937504 7.937504 25534.256437
7.935977 7.935977 7.935977 25533.839490
7.931906 7.931906 7.931906 25533.545037
7.924949 7.924949 7.924949 25534.716731
7.924821 7.924821 7.924821 25542.473279
7.919963 7.919963 7.919963 25523.767856
7.904083 7.904083 7.904083 25479.893844
7.884278 7.884278 7.884278 25417.885680
7.871951 7.871951 7.871951 25372.872923
7.854548 7.854548 7.854548 25312.791835
7.848760 7.848760 7.848760 25290.214689
7.840294 7.840294 7.840294 25262.631164
7.825211 7.825211 7.825211 25213.869254
7.820286 7.820286 7.820286 25199.001842
7.803033 7.803033 7.803033 25147.330747
7.793712 7.793712 7.793712 25121.990760
7.785443 7.785443 7.785443 25085.498069
7.775056 7.775056 7.775056 25032.654486
7.758879 7.758879 7.758879 24975.754548
7.742075 7.742075 7.742075 24916.813437
7.725725 7.725725 7.725725 24869.730672
7.712997 7.712997 7.712997 24848.549275
7.675957 7.675957 7.675957 24749.844744
7.636423 7.636423 7.636423 24618.927699
7.602689 7.602689 7.602689 24503.873772
7.567669 7.567669 7.567669 24387.936445
7.514022 7.514022 7.514022 24221.126670
7.454367 7.454367 7.454367 24004.478340
7.380275 7.380275 7.380275 23778.736237
7.300562 7.300562 7.300562 23539.636571
7.192885 7.192885 7.192885 23195.522305
7.044546 7.044546 7.044546 22722.313110
6.839195 6.839195 6.839195 22067.762100
6.557346 6.557346 6.557346 21174.509177
6.114282 6.114282 6.114282 19793.198769
5.419580 5.419580 5.419580 17511.387951
4.108953 4.108953 4.108953 13253.593991
0.000000 0.000000 0.000000 0.000000
