0.000000 0.000000 0.000000 0.000000
0.996466 0.996466 0.996466 2.989399
1.698032 1.698032 1.698032 5.094096
2.199662 2.199662 2.199662 6.598986
2.679125 2.679125 2.679125 8.037376
3.126707 3.126707 3.126707 9.380121
3.622213 3.622213 3.622213 10.866638
3.957126 3.957126 3.957126 11.871377
4.197199 4.197199 4.197199 12.591596
4.494247 4.494247 4.494247 13.482742
4.792468 4.792468 4.792468 14.377404
4.986405 4.986405 4.986405 14.959215
5.127477 5.127477 5.127477 15.382431
5.228955 5.228955 5.228955 15.686864
5.361911 5.361911 5.361911 16.085733
5.527558 5.527558 5.527558 16.582673
5.610955 5.610955 5.610955 16.832864
5.527509 5.527509 5.527509 16.582526
5.503337 5.503337 5.503337 16.510012
5.450878 5.450878 5.450878 16.352634
5.373573 5.373573 5.373573 16.120719
5.205473 5.205473 5.205473 15.616420
5.032235 5.032235 5.032235 15.096706
4.900998 4.900998 4.900998 14.702994
4.759581 4.759581 4.759581 14.278743
4.536390 4.536390 4.536390 13.609170
4.202742 4.202742 4.202742 12.608226
3.943359 3.943359 3.943359 11.830076
3.695311 3.695311 3.695311 11.085934
3.478910 3.478910 3.478910 10.436731
3.334878 3.334878 3.334878 10.004634
3.273131 3.273131 3.273131 9.819392
3.343135 3.343135 3.343135 10.029405
3.605820 3.605820 3.605820 10.817459
3.807206 3.807206 3.807206 11.421619
4.019187 4.019187 4.019187 12.057560
4.314281 4.314281 4.314281 12.942842
4.595734 4.595734 4.595734 13.787201
4.816856 4.816856 4.816856 14.450568
5.079685 5.079685 5.079685 15.239055
5.340000 5.340000 5.340000 16.020001
5.568728 5.568728 5.568728 16.706183
5.765910 5.765910 5.765910 17.297731
5.861884 5.861884 5.861884 17.585653
6.025429 6.025429 6.025429 18.076286
6.194769 6.194769 6.194769 18.584307
6.258345 6.258345 6.258345 18.775034
6.389087 6.389087 6.389087 19.167261
6.462816 6.462816 6.462816 19.388447
6.462831 6.462831 6.462831 19.388494
6.454283 6.454283 6.454283 19.362850
6.425067 6.425067 6.425067 19.275200
6.289066 6.289066 6.289066 18.867198
6.160421 6.160421 6.160421 18.481263
6.000734 6.000734 6.000734 18.002202
5.788433 5.788433 5.788433 17.365299
5.601832 5.601832 5.601832 16.805496
5.356645 5.356645 5.356645 16.069934
5.102428 5.102428 5.102428 15.307284
4.918796 4.918796 4.918796 14.756389
4.840566 4.840566 4.840566 14.521698
4.805840 4.805840 4.805840 14.417520
4.787534 4.787534 4.787534 14.362602
4.741211 4.741211 4.741211 14.223633
4.804227 4.804227 4.804227 14.412681
4.927111 4.927111 4.927111 14.781332
5.104960 5.104960 5.104960 15.314881
5.328736 5.328736 5.328736 15.986207
5.530479 5.530479 5.530479 16.591438
5.737805 5.737805 5.737805 17.213416
5.876858 5.876858 5.876858 17.630575
6.053864 6.053864 6.053864 18.161591
6.210995 6.210995 6.210995 18.632986
6.339369 6.339369 6.339369 19.018107
6.444701 6.444701 6.444701 19.334102
6.514938 6.514938 6.514938 19.544814
6.616150 6.616150 6.616150 19.848449
6.700732 6.700732 6.700732 20.102197
6.722312 6.722312 6.722312 20.166937
6.832812 6.832812 6.832812 20.498436
6.908145 6.908145 6.908145 20.724435
6.876462 6.876462 6.876462 20.629386
6.840933 6.840933 6.840933 20.522800
6.763280 6.763280 6.763280 20.289841
6.682333 6.682333 6.682333 20.047000
6.528783 6.528783 6.528783 19.586349
6.304420 6.304420 6.304420 18.913260
6.106100 6.106100 6.106100 18.318299
5.913179 5.913179 5.913179 17.739536
5.711515 5.711515 5.711515 17.134544
5.642405 5.642405 5.642405 16.927215
5.640993 5.640993 5.640993 16.922979
5.581423 5.581423 5.581423 16.744270
5.529860 5.529860 5.529860 16.589580
5.514246 5.514246 5.514246 16.542738
5.549593 5.549593 5.549593 16.648780
5.693816 5.693816 5.693816 17.081449
5.787610 5.787610 5.787610 17.362830
5.963054 5.963054 5.963054 17.889161
6.163448 6.163448 6.163448 18.490343
6.311883 6.311883 6.311883 18.935650
6.539096 6.539096 6.539096 19.617288
6.700874 6.700874 6.700874 20.102623
6.900140 6.900140 6.900140 20.700419
7.032918 7.032918 7.032918 21.098755
7.101338 7.101338 7.101338 21.304014
7.180494 7.180494 7.180494 21.541483
7.221522 7.221522 7.221522 21.664566
7.180707 7.180707 7.180707 21.542120
7.141940 7.141940 7.141940 21.425820
7.114243 7.114243 7.114243 21.342729
7.144697 7.144697 7.144697 21.434090
7.147644 7.147644 7.147644 21.442932
7.063201 7.063201 7.063201 21.189602
7.045253 7.045253 7.045253 21.135758
6.908262 6.908262 6.908262 20.724785
6.740627 6.740627 6.740627 20.221880
6.549092 6.549092 6.549092 19.647276
6.449371 6.449371 6.449371 19.348114
6.375167 6.375167 6.375167 19.125501
6.229349 6.229349 6.229349 18.688047
6.138676 6.138676 6.138676 18.416028
6.095905 6.095905 6.095905 18.287716
6.059323 6.059323 6.059323 18.177970
6.056645 6.056645 6.056645 18.169936
6.132151 6.132151 6.132151 18.396453
6.237936 6.237936 6.237936 18.713808
6.366812 6.366812 6.366812 19.100436
6.522912 6.522912 6.522912 19.568737
6.647649 6.647649 6.647649 19.942947
6.860611 6.860611 6.860611 20.581834
7.051269 7.051269 7.051269 21.153806
7.210835 7.210835 7.210835 21.632504
7.359584 7.359584 7.359584 22.078752
7.496808 7.496808 7.496808 22.490423
7.570765 7.570765 7.570765 22.712295
7.601945 7.601945 7.601945 22.805834
7.581951 7.581951 7.581951 22.745854
7.602659 7.602659 7.602659 22.807977
7.584660 7.584660 7.584660 22.753981
7.530095 7.530095 7.530095 22.590284
7.522702 7.522702 7.522702 22.568107
7.523504 7.523504 7.523504 22.570511
7.466914 7.466914 7.466914 22.400743
7.377494 7.377494 7.377494 22.132481
7.319462 7.319462 7.319462 21.958385
7.163668 7.163668 7.163668 21.491003
7.042594 7.042594 7.042594 21.127781
6.897023 6.897023 6.897023 20.691070
6.744912 6.744912 6.744912 20.234737
6.705482 6.705482 6.705482 20.116447
6.605316 6.605316 6.605316 19.815949
6.475421 6.475421 6.475421 19.426262
6.432558 6.432558 6.432558 19.297673
6.424938 6.424938 6.424938 19.274814
6.459697 6.459697 6.459697 19.379092
6.569821 6.569821 6.569821 19.709462
6.678165 6.678165 6.678165 20.034495
6.865469 6.865469 6.865469 20.596407
7.045017 7.045017 7.045017 21.135051
7.226960 7.226960 7.226960 21.680881
7.394946 7.394946 7.394946 22.184838
7.568820 7.568820 7.568820 22.706460
7.707092 7.707092 7.707092 23.121277
7.846474 7.846474 7.846474 23.539421
7.919591 7.919591 7.919591 23.758773
7.968198 7.968198 7.968198 23.904593
7.976046 7.976046 7.976046 23.928137
7.945311 7.945311 7.945311 23.835933
7.904898 7.904898 7.904898 23.714695
7.934088 7.934088 7.934088 23.802265
7.944750 7.944750 7.944750 23.834251
7.916154 7.916154 7.916154 23.748463
7.931596 7.931596 7.931596 23.794789
7.904954 7.904954 7.904954 23.714861
7.786321 7.786321 7.786321 23.358964
7.677562 7.677562 7.677562 23.032686
7.582351 7.582351 7.582351 22.747053
7.443826 7.443826 7.443826 22.331478
7.306173 7.306173 7.306173 21.918520
7.165287 7.165287 7.165287 21.495860
7.032582 7.032582 7.032582 21.097747
6.938847 6.938847 6.938847 20.816541
6.813954 6.813954 6.813954 20.441862
6.772334 6.772334 6.772334 20.317002
6.771571 6.771571 6.771571 20.314712
6.859356 6.859356 6.859356 20.578069
6.970782 6.970782 6.970782 20.912346
7.102444 7.102444 7.102444 21.307333
7.276341 7.276341 7.276341 21.829022
7.458098 7.458098 7.458098 22.374295
7.632408 7.632408 7.632408 22.897223
7.823780 7.823780 7.823780 23.471340
7.995164 7.995164 7.995164 23.985491
8.100051 8.100051 8.100051 24.300152
8.169484 8.169484 8.169484 24.508452
8.239252 8.239252 8.239252 24.717757
8.271134 8.271134 8.271134 24.813401
8.307942 8.307942 8.307942 24.923826
8.333247 8.333247 8.333247 24.999741
8.343777 8.343777 8.343777 25.031331
8.321504 8.321504 8.321504 24.964513
8.306853 8.306853 8.306853 24.920560
8.287271 8.287271 8.287271 24.861812
8.281179 8.281179 8.281179 24.843536
8.279902 8.279902 8.279902 24.839707
8.228535 8.228535 8.228535 24.685605
8.107412 8.107412 8.107412 24.322236
8.025389 8.025389 8.025389 24.076166
7.884412 7.884412 7.884412 23.653237
7.704448 7.704448 7.704448 23.113345
7.569600 7.569600 7.569600 22.708800
7.450500 7.450500 7.450500 22.351499
7.414709 7.414709 7.414709 22.244128
7.394460 7.394460 7.394460 22.183379
7.305824 7.305824 7.305824 21.917471
7.272873 7.272873 7.272873 21.818620
7.306195 7.306195 7.306195 21.918586
7.421023 7.421023 7.421023 22.263070
7.614676 7.614676 7.614676 22.844027
7.867366 7.867366 7.867366 23.602098
8.084602 8.084602 8.084602 24.253807
8.275195 8.275195 8.275195 24.825585
8.440467 8.440467 8.440467 25.321401
8.579508 8.579508 8.579508 25.738524
8.678342 8.678342 8.678342 26.035025
8.703877 8.703877 8.703877 26.111630
8.770782 8.770782 8.770782 26.312347
8.809288 8.809288 8.809288 26.427864
8.792763 8.792763 8.792763 26.378289
8.789289 8.789289 8.789289 26.367868
8.769892 8.769892 8.769892 26.309677
8.701005 8.701005 8.701005 26.103015
8.604023 8.604023 8.604023 25.812068
8.527892 8.527892 8.527892 25.583675
8.465650 8.465650 8.465650 25.396951
8.426688 8.426688 8.426688 25.280065
8.358464 8.358464 8.358464 25.075392
8.295775 8.295775 8.295775 24.887324
8.194838 8.194838 8.194838 24.584513
8.102343 8.102343 8.102343 24.307028
8.029826 8.029826 8.029826 24.089478
7.926563 7.926563 7.926563 23.779690
7.828175 7.828175 7.828175 23.484526
7.685935 7.685935 7.685935 23.057804
7.642701 7.642701 7.642701 22.928104
7.575911 7.575911 7.575911 22.727732
7.601510 7.601510 7.601510 22.804530
7.680991 7.680991 7.680991 23.042973
7.774336 7.774336 7.774336 23.323008
7.922566 7.922566 7.922566 23.767699
8.130805 8.130805 8.130805 24.392415
8.296879 8.296879 8.296879 24.890638
8.428573 8.428573 8.428573 25.285719
8.534241 8.534241 8.534241 25.602723
8.614278 8.614278 8.614278 25.842835
8.670875 8.670875 8.670875 26.012625
8.684350 8.684350 8.684350 26.053051
8.657580 8.657580 8.657580 25.972740
8.607065 8.607065 8.607065 25.821196
8.623731 8.623731 8.623731 25.871192
8.617080 8.617080 8.617080 25.851241
8.568627 8.568627 8.568627 25.705881
8.546117 8.546117 8.546117 25.638351
8.539747 8.539747 8.539747 25.619240
8.495396 8.495396 8.495396 25.486188
8.459775 8.459775 8.459775 25.379324
8.373060 8.373060 8.373060 25.119180
8.251858 8.251858 8.251858 24.755575
8.183432 8.183432 8.183432 24.550295
8.122438 8.122438 8.122438 24.367314
8.030898 8.030898 8.030898 24.092695
7.913961 7.913961 7.913961 23.741883
7.820748 7.820748 7.820748 23.462245
7.705768 7.705768 7.705768 23.117305
7.686342 7.686342 7.686342 23.059026
7.635576 7.635576 7.635576 22.906728
7.602623 7.602623 7.602623 22.807868
7.581727 7.581727 7.581727 22.745180
7.629051 7.629051 7.629051 22.887154
7.668227 7.668227 7.668227 23.004680
7.735462 7.735462 7.735462 23.206385
7.864818 7.864818 7.864818 23.594453
7.995803 7.995803 7.995803 23.987410
8.080951 8.080951 8.080951 24.242852
8.149091 8.149091 8.149091 24.447273
8.203424 8.203424 8.203424 24.610271
8.232842 8.232842 8.232842 24.698527
8.222529 8.222529 8.222529 24.667587
8.228238 8.228238 8.228238 24.684714
8.193908 8.193908 8.193908 24.581723
8.141644 8.141644 8.141644 24.424931
8.094372 8.094372 8.094372 24.283116
8.109325 8.109325 8.109325 24.327974
8.157689 8.157689 8.157689 24.473068
8.170262 8.170262 8.170262 24.510787
8.138535 8.138535 8.138535 24.415604
8.113850 8.113850 8.113850 24.341551
8.100913 8.100913 8.100913 24.302738
8.059705 8.059705 8.059705 24.179116
8.035399 8.035399 8.035399 24.106196
7.967317 7.967317 7.967317 23.901950
7.863576 7.863576 7.863576 23.590728
7.823106 7.823106 7.823106 23.469319
7.791313 7.791313 7.791313 23.373940
7.731508 7.731508 7.731508 23.194525
7.735849 7.735849 7.735849 23.207548
7.765153 7.765153 7.765153 23.295458
7.763226 7.763226 7.763226 23.289679
7.763409 7.763409 7.763409 23.290228
7.748940 7.748940 7.748940 23.246820
7.701602 7.701602 7.701602 23.104807
7.720204 7.720204 7.720204 23.160611
7.825084 7.825084 7.825084 23.475251
7.901562 7.901562 7.901562 23.704686
7.994493 7.994493 7.994493 23.983478
8.050314 8.050314 8.050314 24.150941
8.073379 8.073379 8.073379 24.220137
8.062262 8.062262 8.062262 24.186785
8.025327 8.025327 8.025327 24.075980
8.008282 8.008282 8.008282 24.024845
7.939443 7.939443 7.939443 23.818328
7.847099 7.847099 7.847099 23.541297
7.786194 7.786194 7.786194 23.358583
7.691316 7.691316 7.691316 23.073947
7.613777 7.613777 7.613777 22.841331
7.555254 7.555254 7.555254 22.665762
7.508636 7.508636 7.508636 22.525909
7.525879 7.525879 7.525879 22.577638
7.547398 7.547398 7.547398 22.642194
7.574849 7.574849 7.574849 22.724546
7.619413 7.619413 7.619413 22.858238
7.633543 7.633543 7.633543 22.900630
7.614781 7.614781 7.614781 22.844344
7.703556 7.703556 7.703556 23.110668
7.825778 7.825778 7.825778 23.477335
7.962393 7.962393 7.962393 23.887180
8.052420 8.052420 8.052420 24.157261
8.112906 8.112906 8.112906 24.338718
8.158357 8.158357 8.158357 24.475071
8.183021 8.183021 8.183021 24.549062
8.172932 8.172932 8.172932 24.518796
8.133539 8.133539 8.133539 24.400616
8.107052 8.107052 8.107052 24.321156
8.048083 8.048083 8.048083 24.144249
8.073857 8.073857 8.073857 24.221570
8.056852 8.056852 8.056852 24.170555
8.062297 8.062297 8.062297 24.186891
8.044038 8.044038 8.044038 24.132113
8.009643 8.009643 8.009643 24.028930
7.929112 7.929112 7.929112 23.787337
7.810483 7.810483 7.810483 23.431448
7.654629 7.654629 7.654629 22.963887
7.528304 7.528304 7.528304 22.584911
7.375231 7.375231 7.375231 22.125692
7.226995 7.226995 7.226995 21.680985
7.057206 7.057206 7.057206 21.171619
6.902240 6.902240 6.902240 20.706720
6.904314 6.904314 6.904314 20.712941
6.932430 6.932430 6.932430 20.797290
6.963864 6.963864 6.963864 20.891592
6.969163 6.969163 6.969163 20.907488
7.100754 7.100754 7.100754 21.302263
7.225678 7.225678 7.225678 21.677034
7.369118 7.369118 7.369118 22.107353
7.476810 7.476810 7.476810 22.430429
7.613094 7.613094 7.613094 22.839282
7.724465 7.724465 7.724465 23.173394
7.812790 7.812790 7.812790 23.438369
7.870905 7.870905 7.870905 23.612715
7.901859 7.901859 7.901859 23.705576
7.897639 7.897639 7.897639 23.692916
7.861322 7.861322 7.861322 23.583966
7.859953 7.859953 7.859953 23.579860
7.881641 7.881641 7.881641 23.644923
7.924826 7.924826 7.924826 23.774477
7.937881 7.937881 7.937881 23.813642
7.926327 7.926327 7.926327 23.778980
7.895417 7.895417 7.895417 23.686252
7.881438 7.881438 7.881438 23.644315
7.827271 7.827271 7.827271 23.481813
7.753056 7.753056 7.753056 23.259169
7.632776 7.632776 7.632776 22.898329
7.481636 7.481636 7.481636 22.444907
7.303507 7.303507 7.303507 21.910521
7.091328 7.091328 7.091328 21.273985
6.847806 6.847806 6.847806 20.543419
6.619456 6.619456 6.619456 19.858367
6.488946 6.488946 6.488946 19.466839
6.372433 6.372433 6.372433 19.117299
6.382750 6.382750 6.382750 19.148250
6.411744 6.411744 6.411744 19.235233
6.457216 6.457216 6.457216 19.371649
6.627815 6.627815 6.627815 19.883446
6.822729 6.822729 6.822729 20.468186
6.999862 6.999862 6.999862 20.999585
7.145205 7.145205 7.145205 21.435615
7.246422 7.246422 7.246422 21.739266
7.312967 7.312967 7.312967 21.938902
7.417882 7.417882 7.417882 22.253645
7.492775 7.492775 7.492775 22.478326
7.549597 7.549597 7.549597 22.648791
7.634788 7.634788 7.634788 22.904365
7.690985 7.690985 7.690985 23.072954
7.763362 7.763362 7.763362 23.290087
7.816505 7.816505 7.816505 23.449516
7.889787 7.889787 7.889787 23.669360
7.907998 7.907998 7.907998 23.723995
7.911557 7.911557 7.911557 23.734671
7.930193 7.930193 7.930193 23.790580
7.912875 7.912875 7.912875 23.738624
7.862300 7.862300 7.862300 23.586900
7.766187 7.766187 7.766187 23.298561
7.643876 7.643876 7.643876 22.931628
7.497864 7.497864 7.497864 22.493592
7.320940 7.320940 7.320940 21.962820
7.105260 7.105260 7.105260 21.315779
6.859006 6.859006 6.859006 20.577018
6.586679 6.586679 6.586679 19.760038
6.393450 6.393450 6.393450 19.180350
6.224267 6.224267 6.224267 18.672801
6.183985 6.183985 6.183985 18.551956
6.320690 6.320690 6.320690 18.962070
6.428490 6.428490 6.428490 19.285471
6.528284 6.528284 6.528284 19.584852
6.654761 6.654761 6.654761 19.964284
6.761735 6.761735 6.761735 20.285205
6.839343 6.839343 6.839343 20.518028
6.947752 6.947752 6.947752 20.843256
7.064862 7.064862 7.064862 21.194586
7.228847 7.228847 7.228847 21.686542
7.345416 7.345416 7.345416 22.036247
7.501034 7.501034 7.501034 22.503103
7.638900 7.638900 7.638900 22.916701
7.806093 7.806093 7.806093 23.418278
7.929930 7.929930 7.929930 23.789790
8.081394 8.081394 8.081394 24.244181
8.199133 8.199133 8.199133 24.597400
8.289062 8.289062 8.289062 24.867185
8.356035 8.356035 8.356035 25.068104
8.379571 8.379571 8.379571 25.138712
8.365140 8.365140 8.365140 25.095419
8.314886 8.314886 8.314886 24.944658
8.240904 8.240904 8.240904 24.722713
8.116536 8.116536 8.116536 24.349608
7.952201 7.952201 7.952201 23.856604
7.740894 7.740894 7.740894 23.222681
7.566511 7.566511 7.566511 22.699534
7.383918 7.383918 7.383918 22.151755
7.177277 7.177277 7.177277 21.531830
6.922868 6.922868 6.922868 20.768603
6.883665 6.883665 6.883665 20.650994
6.928605 6.928605 6.928605 20.785815
6.938116 6.938116 6.938116 20.814347
6.990728 6.990728 6.990728 20.972184
7.023432 7.023432 7.023432 21.070296
7.043579 7.043579 7.043579 21.130736
7.076452 7.076452 7.076452 21.229356
7.207513 7.207513 7.207513 21.622538
7.309428 7.309428 7.309428 21.928285
7.353762 7.353762 7.353762 22.061287
7.416893 7.416893 7.416893 22.250679
7.640933 7.640933 7.640933 22.922798
7.830800 7.830800 7.830800 23.492400
7.992350 7.992350 7.992350 23.977051
8.193694 8.193694 8.193694 24.581082
8.437708 8.437708 8.437708 25.313125
8.536679 8.536679 8.536679 25.610037
8.646141 8.646141 8.646141 25.938424
8.710235 8.710235 8.710235 26.130706
8.754553 8.754553 8.754553 26.263658
8.770863 8.770863 8.770863 26.312590
8.752662 8.752662 8.752662 26.257986
8.709204 8.709204 8.709204 26.127612
8.633957 8.633957 8.633957 25.901870
8.537088 8.537088 8.537088 25.611265
8.405914 8.405914 8.405914 25.217741
8.295557 8.295557 8.295557 24.886670
8.149032 8.149032 8.149032 24.447095
7.971679 7.971679 7.971679 23.915037
7.877537 7.877537 7.877537 23.632611
7.754315 7.754315 7.754315 23.262945
7.727730 7.727730 7.727730 23.183190
7.740715 7.740715 7.740715 23.222144
7.712421 7.712421 7.712421 23.137264
7.792435 7.792435 7.792435 23.377305
7.965048 7.965048 7.965048 23.895145
8.051636 8.051636 8.051636 24.154907
8.251650 8.251650 8.251650 24.754950
8.421775 8.421775 8.421775 25.265324
8.557415 8.557415 8.557415 25.672244
8.662919 8.662919 8.662919 25.988758
8.800060 8.800060 8.800060 26.400180
8.870238 8.870238 8.870238 26.610713
8.989194 8.989194 8.989194 26.967583
9.141159 9.141159 9.141159 27.423476
9.211431 9.211431 9.211431 27.634294
9.273357 9.273357 9.273357 27.820071
9.243597 9.243597 9.243597 27.730792
9.199410 9.199410 9.199410 27.598230
9.357712 9.357712 9.357712 28.073137
9.418913 9.418913 9.418913 28.256738
9.392183 9.392183 9.392183 28.176550
9.416297 9.416297 9.416297 28.248891
9.448886 9.448886 9.448886 28.346658
9.465773 9.465773 9.465773 28.397318
9.371827 9.371827 9.371827 28.115481
9.244628 9.244628 9.244628 27.733883
9.104023 9.104023 9.104023 27.312068
8.981112 8.981112 8.981112 26.943336
9.013181 9.013181 9.013181 27.039544
9.026893 9.026893 9.026893 27.080679
9.011957 9.011957 9.011957 27.035872
8.956573 8.956573 8.956573 26.869719
8.939361 8.939361 8.939361 26.818083
9.018566 9.018566 9.018566 27.055697
9.116937 9.116937 9.116937 27.350811
9.384635 9.384635 9.384635 28.153905
9.620332 9.620332 9.620332 28.860997
9.828082 9.828082 9.828082 29.484247
9.951347 9.951347 9.951347 29.854041
10.011134 10.011134 10.011134 30.033402
10.108285 10.108285 10.108285 30.324856
10.184511 10.184511 10.184511 30.553532
10.384027 10.384027 10.384027 31.152080
10.478502 10.478502 10.478502 31.435507
10.604727 10.604727 10.604727 31.814182
10.675892 10.675892 10.675892 32.027677
10.597370 10.597370 10.597370 31.792109
10.702380 10.702380 10.702380 32.107140
10.703783 10.703783 10.703783 32.111349
10.682636 10.682636 10.682636 32.047909
10.703953 10.703953 10.703953 32.111859
10.652618 10.652618 10.652618 31.957855
10.558989 10.558989 10.558989 31.676968
10.558664 10.558664 10.558664 31.675993
10.448407 10.448407 10.448407 31.345222
10.267608 10.267608 10.267608 30.802823
10.200263 10.200263 10.200263 30.600789
10.139155 10.139155 10.139155 30.417465
10.102363 10.102363 10.102363 30.307088
9.969109 9.969109 9.969109 29.907326
9.811925 9.811925 9.811925 29.435774
9.829951 9.829951 9.829951 29.489854
9.868741 9.868741 9.868741 29.606222
9.805111 9.805111 9.805111 29.415332
9.914157 9.914157 9.914157 29.742471
10.140150 10.140150 10.140150 30.420449
10.463910 10.463910 10.463910 31.391731
10.695196 10.695196 10.695196 32.085588
10.901550 10.901550 10.901550 32.704649
11.069865 11.069865 11.069865 33.209595
11.216527 11.216527 11.216527 33.649580
11.325988 11.325988 11.325988 33.977965
11.396019 11.396019 11.396019 34.188056
11.446632 11.446632 11.446632 34.339897
11.473384 11.473384 11.473384 34.420151
11.545154 11.545154 11.545154 34.635463
11.575023 11.575023 11.575023 34.725068
11.511337 11.511337 11.511337 34.534010
11.471046 11.471046 11.471046 34.413139
11.478600 11.478600 11.478600 34.435799
11.470005 11.470005 11.470005 34.410015
11.431126 11.431126 11.431126 34.293377
11.276709 11.276709 11.276709 33.830127
11.163026 11.163026 11.163026 33.489079
11.039438 11.039438 11.039438 33.118313
10.872967 10.872967 10.872967 32.618900
10.690216 10.690216 10.690216 32.070649
10.462128 10.462128 10.462128 31.386384
10.340562 10.340562 10.340562 31.021685
10.189134 10.189134 10.189134 30.567402
10.151860 10.151860 10.151860 30.455579
10.085493 10.085493 10.085493 30.256479
10.113068 10.113068 10.113068 30.339203
10.332709 10.332709 10.332709 30.998127
10.574797 10.574797 10.574797 31.724390
10.720004 10.720004 10.720004 32.160011
10.983482 10.983482 10.983482 32.950445
11.287356 11.287356 11.287356 33.862069
11.429810 11.429810 11.429810 34.289429
11.667949 11.667949 11.667949 35.003847
11.869361 11.869361 11.869361 35.608084
12.108947 12.108947 12.108947 36.326842
12.241188 12.241188 12.241188 36.723564
12.285447 12.285447 12.285447 36.856341
12.364726 12.364726 12.364726 37.094179
12.422961 12.422961 12.422961 37.268882
12.539835 12.539835 12.539835 37.619504
12.620851 12.620851 12.620851 37.862552
12.653785 12.653785 12.653785 37.961356
12.657169 12.657169 12.657169 37.971508
12.658855 12.658855 12.658855 37.976566
12.623101 12.623101 12.623101 37.869304
12.552177 12.552177 12.552177 37.656530
12.449058 12.449058 12.449058 37.347174
12.307757 12.307757 12.307757 36.923271
12.144177 12.144177 12.144177 36.432531
11.941344 11.941344 11.941344 35.824031
11.698982 11.698982 11.698982 35.096946
11.406778 11.406778 11.406778 34.220335
11.087348 11.087348 11.087348 33.262045
10.814554 10.814554 10.814554 32.443661
10.646551 10.646551 10.646551 31.939654
10.584192 10.584192 10.584192 31.752576
10.680178 10.680178 10.680178 32.040533
10.769625 10.769625 10.769625 32.308874
10.899122 10.899122 10.899122 32.697366
11.189489 11.189489 11.189489 33.568467
11.447711 11.447711 11.447711 34.343133
11.673003 11.673003 11.673003 35.019009
11.886299 11.886299 11.886299 35.658896
12.165609 12.165609 12.165609 36.496826
12.405929 12.405929 12.405929 37.217788
12.601078 12.601078 12.601078 37.803233
12.776105 12.776105 12.776105 38.328316
12.992750 12.992750 12.992750 38.978251
13.168216 13.168216 13.168216 39.504649
13.296759 13.296759 13.296759 39.890276
13.393353 13.393353 13.393353 40.180060
13.460297 13.460297 13.460297 40.380892
13.501659 13.501659 13.501659 40.504978
13.512959 13.512959 13.512959 40.538878
13.495866 13.495866 13.495866 40.487598
13.434442 13.434442 13.434442 40.303327
13.334998 13.334998 13.334998 40.004994
13.201835 13.201835 13.201835 39.605505
13.004874 13.004874 13.004874 39.014623
12.773151 12.773151 12.773151 38.319452
12.578009 12.578009 12.578009 37.734028
12.260283 12.260283 12.260283 36.780850
11.920112 11.920112 11.920112 35.760337
11.638455 11.638455 11.638455 34.915365
11.328598 11.328598 11.328598 33.985794
11.084895 11.084895 11.084895 33.254686
10.925471 10.925471 10.925471 32.776413
10.812269 10.812269 10.812269 32.436807
10.950217 10.950217 10.950217 32.850652
11.043541 11.043541 11.043541 33.130623
11.209165 11.209165 11.209165 33.627496
11.425962 11.425962 11.425962 34.277886
11.719512 11.719512 11.719512 35.158537
11.953540 11.953540 11.953540 35.860620
12.153179 12.153179 12.153179 36.459536
12.312339 12.312339 12.312339 36.937016
12.449128 12.449128 12.449128 37.347383
12.654580 12.654580 12.654580 37.963739
12.820229 12.820229 12.820229 38.460686
13.044873 13.044873 13.044873 39.134620
13.246707 13.246707 13.246707 39.740120
13.339705 13.339705 13.339705 40.019114
13.404754 13.404754 13.404754 40.214261
13.440872 13.440872 13.440872 40.322615
13.384519 13.384519 13.384519 40.153557
13.307881 13.307881 13.307881 39.923643
13.241320 13.241320 13.241320 39.723961
13.117592 13.117592 13.117592 39.352775
12.945302 12.945302 12.945302 38.835906
12.725129 12.725129 12.725129 38.175387
12.448826 12.448826 12.448826 37.346479
12.139634 12.139634 12.139634 36.418902
11.795633 11.795633 11.795633 35.386900
11.432261 11.432261 11.432261 34.296783
11.109895 11.109895 11.109895 33.329684
10.883044 10.883044 10.883044 32.649133
10.720323 10.720323 10.720323 32.160969
10.528831 10.528831 10.528831 31.586493
10.499930 10.499930 10.499930 31.499789
10.454188 10.454188 10.454188 31.362564
10.502919 10.502919 10.502919 31.508756
10.629153 10.629153 10.629153 31.887458
10.798678 10.798678 10.798678 32.396035
11.041586 11.041586 11.041586 33.124758
11.348170 11.348170 11.348170 34.044511
11.431218 11.431218 11.431218 34.293655
11.594303 11.594303 11.594303 34.782908
11.717397 11.717397 11.717397 35.152190
11.817488 11.817488 11.817488 35.452463
11.973742 11.973742 11.973742 35.921225
12.055646 12.055646 12.055646 36.166939
12.119714 12.119714 12.119714 36.359141
12.251526 12.251526 12.251526 36.754578
12.182933 12.182933 12.182933 36.548799
12.189084 12.189084 12.189084 36.567252
12.164175 12.164175 12.164175 36.492526
12.090638 12.090638 12.090638 36.271913
11.986139 11.986139 11.986139 35.958417
11.865951 11.865951 11.865951 35.597853
11.679214 11.679214 11.679214 35.037641
11.453820 11.453820 11.453820 34.361459
11.198041 11.198041 11.198041 33.594124
10.915237 10.915237 10.915237 32.745712
10.678196 10.678196 10.678196 32.034587
10.425911 10.425911 10.425911 31.277734
10.120211 10.120211 10.120211 30.360632
9.913333 9.913333 9.913333 29.739998
9.759520 9.759520 9.759520 29.278560
9.538068 9.538068 9.538068 28.614205
9.438674 9.438674 9.438674 28.316023
9.319382 9.319382 9.319382 27.958147
9.292245 9.292245 9.292245 27.876735
9.468707 9.468707 9.468707 28.406120
9.742845 9.742845 9.742845 29.228535
10.005254 10.005254 10.005254 30.015763
10.231306 10.231306 10.231306 30.693917
10.428786 10.428786 10.428786 31.286357
10.629448 10.629448 10.629448 31.888343
10.801184 10.801184 10.801184 32.403553
10.943101 10.943101 10.943101 32.829303
11.012379 11.012379 11.012379 33.037137
11.162671 11.162671 11.162671 33.488014
11.247798 11.247798 11.247798 33.743395
11.321016 11.321016 11.321016 33.963048
11.364241 11.364241 11.364241 34.092722
11.378123 11.378123 11.378123 34.134369
11.379775 11.379775 11.379775 34.139325
11.336087 11.336087 11.336087 34.008261
11.236070 11.236070 11.236070 33.708211
11.104677 11.104677 11.104677 33.314030
10.929673 10.929673 10.929673 32.789018
10.702310 10.702310 10.702310 32.106930
10.569978 10.569978 10.569978 31.709934
10.388897 10.388897 10.388897 31.166692
10.185251 10.185251 10.185251 30.555754
9.968945 9.968945 9.968945 29.906836
9.731211 9.731211 9.731211 29.193633
9.578761 9.578761 9.578761 28.736284
9.506015 9.506015 9.506015 28.518045
9.519961 9.519961 9.519961 28.559882
9.486347 9.486347 9.486347 28.459042
9.436454 9.436454 9.436454 28.309361
9.355292 9.355292 9.355292 28.065877
9.398947 9.398947 9.398947 28.196840
9.445763 9.445763 9.445763 28.337290
9.600496 9.600496 9.600496 28.801488
9.714623 9.714623 9.714623 29.143870
9.913396 9.913396 9.913396 29.740187
10.068491 10.068491 10.068491 30.205474
10.201597 10.201597 10.201597 30.604790
10.297642 10.297642 10.297642 30.892925
10.366904 10.366904 10.366904 31.100711
10.512364 10.512364 10.512364 31.537093
10.603848 10.603848 10.603848 31.811543
10.656452 10.656452 10.656452 31.969357
10.697656 10.697656 10.697656 32.092969
10.738003 10.738003 10.738003 32.214010
10.726221 10.726221 10.726221 32.178664
10.689621 10.689621 10.689621 32.068862
10.620268 10.620268 10.620268 31.860803
10.515784 10.515784 10.515784 31.547353
10.377183 10.377183 10.377183 31.131549
10.211367 10.211367 10.211367 30.634101
10.001108 10.001108 10.001108 30.003324
9.874305 9.874305 9.874305 29.622916
9.838089 9.838089 9.838089 29.514266
9.746395 9.746395 9.746395 29.239184
9.726845 9.726845 9.726845 29.180536
9.733042 9.733042 9.733042 29.199125
9.723462 9.723462 9.723462 29.170385
9.712424 9.712424 9.712424 29.137273
9.660235 9.660235 9.660235 28.980705
9.603479 9.603479 9.603479 28.810436
9.487513 9.487513 9.487513 28.462539
9.487104 9.487104 9.487104 28.461313
9.452374 9.452374 9.452374 28.357122
9.518302 9.518302 9.518302 28.554905
9.723985 9.723985 9.723985 29.171954
9.902158 9.902158 9.902158 29.706475
10.056851 10.056851 10.056851 30.170552
10.138562 10.138562 10.138562 30.415685
10.201525 10.201525 10.201525 30.604574
10.226373 10.226373 10.226373 30.679119
10.228667 10.228667 10.228667 30.686002
10.355022 10.355022 10.355022 31.065066
10.459786 10.459786 10.459786 31.379359
10.554099 10.554099 10.554099 31.662296
10.620300 10.620300 10.620300 31.860899
10.640049 10.640049 10.640049 31.920147
10.609387 10.609387 10.609387 31.828160
10.534840 10.534840 10.534840 31.604520
10.436388 10.436388 10.436388 31.309164
10.268436 10.268436 10.268436 30.805309
10.070758 10.070758 10.070758 30.212275
9.801385 9.801385 9.801385 29.404155
9.629842 9.629842 9.629842 28.889525
9.438710 9.438710 9.438710 28.316129
9.333713 9.333713 9.333713 28.001138
9.191257 9.191257 9.191257 27.573770
9.041287 9.041287 9.041287 27.123862
8.883649 8.883649 8.883649 26.650946
8.653715 8.653715 8.653715 25.961146
8.732450 8.732450 8.732450 26.197350
8.803833 8.803833 8.803833 26.411498
9.049657 9.049657 9.049657 27.148971
9.263606 9.263606 9.263606 27.790819
9.460003 9.460003 9.460003 28.380010
9.644993 9.644993 9.644993 28.934980
9.818087 9.818087 9.818087 29.454262
9.953321 9.953321 9.953321 29.859964
10.065120 10.065120 10.065120 30.195360
10.129183 10.129183 10.129183 30.387549
10.130588 10.130588 10.130588 30.391764
10.123208 10.123208 10.123208 30.369624
10.083774 10.083774 10.083774 30.251322
10.030500 10.030500 10.030500 30.091500
9.941871 9.941871 9.941871 29.825614
9.813852 9.813852 9.813852 29.441556
9.793857 9.793857 9.793857 29.381571
9.747281 9.747281 9.747281 29.241842
9.658883 9.658883 9.658883 28.976649
9.544174 9.544174 9.544174 28.632521
9.377761 9.377761 9.377761 28.133282
9.145040 9.145040 9.145040 27.435121
8.867261 8.867261 8.867261 26.601782
8.571551 8.571551 8.571551 25.714654
8.256781 8.256781 8.256781 24.770343
8.104966 8.104966 8.104966 24.314897
7.928320 7.928320 7.928320 23.784960
7.701795 7.701795 7.701795 23.105385
7.622991 7.622991 7.622991 22.868973
7.537090 7.537090 7.537090 22.611271
7.584760 7.584760 7.584760 22.754281
7.662411 7.662411 7.662411 22.987234
7.687116 7.687116 7.687116 23.061348
7.896478 7.896478 7.896478 23.689435
8.057826 8.057826 8.057826 24.173478
8.200098 8.200098 8.200098 24.600294
8.285306 8.285306 8.285306 24.855919
8.369476 8.369476 8.369476 25.108429
8.411238 8.411238 8.411238 25.233714
8.418652 8.418652 8.418652 25.255955
8.427951 8.427951 8.427951 25.283852
8.416512 8.416512 8.416512 25.249536
8.371555 8.371555 8.371555 25.114664
8.474160 8.474160 8.474160 25.422481
8.582265 8.582265 8.582265 25.746795
8.668496 8.668496 8.668496 26.005487
8.699398 8.699398 8.699398 26.098194
8.679868 8.679868 8.679868 26.039605
8.682583 8.682583 8.682583 26.047749
8.614876 8.614876 8.614876 25.844627
8.509980 8.509980 8.509980 25.529941
8.350109 8.350109 8.350109 25.050328
8.191355 8.191355 8.191355 24.574064
7.957585 7.957585 7.957585 23.872754
7.694126 7.694126 7.694126 23.082378
7.333170 7.333170 7.333170 21.999511
7.014407 7.014407 7.014407 21.043222
6.682437 6.682437 6.682437 20.047310
6.542241 6.542241 6.542241 19.626724
6.373628 6.373628 6.373628 19.120883
6.376602 6.376602 6.376602 19.129805
6.381868 6.381868 6.381868 19.145603
6.354655 6.354655 6.354655 19.063966
6.555247 6.555247 6.555247 19.665741
6.720897 6.720897 6.720897 20.162692
6.905562 6.905562 6.905562 20.716685
7.050891 7.050891 7.050891 21.152672
7.164243 7.164243 7.164243 21.492728
7.215875 7.215875 7.215875 21.647626
7.264477 7.264477 7.264477 21.793430
7.293853 7.293853 7.293853 21.881559
7.506825 7.506825 7.506825 22.520476
7.724473 7.724473 7.724473 23.173418
7.909293 7.909293 7.909293 23.727880
8.059584 8.059584 8.059584 24.178751
8.173851 8.173851 8.173851 24.521552
8.248480 8.248480 8.248480 24.745441
8.328388 8.328388 8.328388 24.985163
8.366153 8.366153 8.366153 25.098458
8.365372 8.365372 8.365372 25.096117
8.323073 8.323073 8.323073 24.969219
8.265504 8.265504 8.265504 24.796512
8.108492 8.108492 8.108492 24.325477
7.887616 7.887616 7.887616 23.662847
7.602010 7.602010 7.602010 22.806030
7.263776 7.263776 7.263776 21.791329
6.931695 6.931695 6.931695 20.795085
6.520994 6.520994 6.520994 19.562983
6.070349 6.070349 6.070349 18.211047
5.613272 5.613272 5.613272 16.839816
5.429187 5.429187 5.429187 16.287562
5.244055 5.244055 5.244055 15.732165
5.034002 5.034002 5.034002 15.102005
4.832040 4.832040 4.832040 14.496119
4.644111 4.644111 4.644111 13.932333
4.432422 4.432422 4.432422 13.297265
4.210813 4.210813 4.210813 12.632440
3.980047 3.980047 3.980047 11.940140
4.028682 4.028682 4.028682 12.086046
4.318484 4.318484 4.318484 12.955452
4.561896 4.561896 4.561896 13.685689
4.815743 4.815743 4.815743 14.447229
5.045256 5.045256 5.045256 15.135769
5.256251 5.256251 5.256251 15.768754
5.467524 5.467524 5.467524 16.402571
5.667430 5.667430 5.667430 17.002289
5.805804 5.805804 5.805804 17.417413
6.045790 6.045790 6.045790 18.137371
6.218568 6.218568 6.218568 18.655705
6.399555 6.399555 6.399555 19.198664
6.534920 6.534920 6.534920 19.604760
6.604778 6.604778 6.604778 19.814334
6.631267 6.631267 6.631267 19.893802
6.615926 6.615926 6.615926 19.847777
6.506918 6.506918 6.506918 19.520755
6.326264 6.326264 6.326264 18.978791
6.106174 6.106174 6.106174 18.318521
5.861457 5.861457 5.861457 17.584371
5.606813 5.606813 5.606813 16.820440
5.336920 5.336920 5.336920 16.010760
5.010908 5.010908 5.010908 15.032724
4.745884 4.745884 4.745884 14.237653
4.497118 4.497118 4.497118 13.491353
4.227265 4.227265 4.227265 12.681794
3.942774 3.942774 3.942774 11.828322
3.589828 3.589828 3.589828 10.769483
3.234686 3.234686 3.234686 9.704059
2.867990 2.867990 2.867990 8.603970
2.889218 2.889218 2.889218 8.667653
2.911980 2.911980 2.911980 8.735940
2.924951 2.924951 2.924951 8.774852
3.343216 3.343216 3.343216 10.029649
3.765290 3.765290 3.765290 11.295869
4.158211 4.158211 4.158211 12.474633
4.536764 4.536764 4.536764 13.610291
4.905603 4.905603 4.905603 14.716808
5.288267 5.288267 5.288267 15.864801
5.680467 5.680467 5.680467 17.041402
6.007748 6.007748 6.007748 18.023244
6.330750 6.330750 6.330750 18.992251
6.586621 6.586621 6.586621 19.759862
6.791596 6.791596 6.791596 20.374787
6.981585 6.981585 6.981585 20.944756
7.088535 7.088535 7.088535 21.265606
7.129105 7.129105 7.129105 21.387314
7.153209 7.153209 7.153209 21.459628
7.172599 7.172599 7.172599 21.517798
7.108762 7.108762 7.108762 21.326286
6.993364 6.993364 6.993364 20.980091
6.852236 6.852236 6.852236 20.556708
6.683647 6.683647 6.683647 20.050942
6.601627 6.601627 6.601627 19.804880
6.506772 6.506772 6.506772 19.520317
6.408890 6.408890 6.408890 19.226670
6.333127 6.333127 6.333127 18.999380
6.267159 6.267159 6.267159 18.801477
6.162705 6.162705 6.162705 18.488116
6.020720 6.020720 6.020720 18.062159
5.824699 5.824699 5.824699 17.474098
5.642994 5.642994 5.642994 16.928983
5.414843 5.414843 5.414843 16.244529
4.914390 4.914390 4.914390 14.743169
4.677574 4.677574 4.677574 14.032721
4.486825 4.486825 4.486825 13.460476
4.275109 4.275109 4.275109 12.825327
3.977290 3.977290 3.977290 11.931870
3.691077 3.691077 3.691077 11.073231
3.381868 3.381868 3.381868 10.145605
3.094029 3.094029 3.094029 9.282087
3.602700 3.602700 3.602700 10.808100
4.088988 4.088988 4.088988 12.266965
4.535017 4.535017 4.535017 13.605050
5.005871 5.005871 5.005871 15.017614
5.502822 5.502822 5.502822 16.508465
6.046445 6.046445 6.046445 18.139335
6.586756 6.586756 6.586756 19.760267
6.964461 6.964461 6.964461 20.893384
7.382434 7.382434 7.382434 22.147303
7.752068 7.752068 7.752068 23.256205
7.933756 7.933756 7.933756 23.801268
8.097110 8.097110 8.097110 24.291329
8.180221 8.180221 8.180221 24.540664
8.252068 8.252068 8.252068 24.756204
8.299480 8.299480 8.299480 24.898439
8.184261 8.184261 8.184261 24.552782
7.993683 7.993683 7.993683 23.981049
7.617303 7.617303 7.617303 22.851910
7.236156 7.236156 7.236156 21.708467
6.840544 6.840544 6.840544 20.521633
6.428796 6.428796 6.428796 19.286388
5.879807 5.879807 5.879807 17.639421
5.211032 5.211032 5.211032 15.633097
4.922704 4.922704 4.922704 14.768112
4.601608 4.601608 4.601608 13.804824
4.284501 4.284501 4.284501 12.853502
4.026412 4.026412 4.026412 12.079235
3.892761 3.892761 3.892761 11.678283
3.869920 3.869920 3.869920 11.609761
3.900529 3.900529 3.900529 11.701586
4.026063 4.026063 4.026063 12.078188
4.201981 4.201981 4.201981 12.605943
4.347224 4.347224 4.347224 13.041672
4.479295 4.479295 4.479295 13.437886
4.720162 4.720162 4.720162 14.160487
4.824795 4.824795 4.824795 14.474384
4.665241 4.665241 4.665241 13.995722
4.374849 4.374849 4.374849 13.124547
4.074871 4.074871 4.074871 12.224613
3.006812 3.006812 3.006812 9.020435
0.000000 0.000000 0.000000 0.000000
